1436828708313588832 
-6.13709462426e-09 
1436828708325288695 
-6.13709462426e-09 
1436828708336994539 
-6.13708883831e-09 
1436828708349633677 
-6.13708883831e-09 
1436828708361656426 
-6.13708296282e-09 
1436828708373271814 
-6.13708296282e-09 
1436828708384903928 
-6.13707747828e-09 
1436828708397607542 
-6.13707747828e-09 
1436828708409228794 
-6.137072689e-09 
1436828708420773524 
-6.137072689e-09 
1436828708433401135 
-6.13706712199e-09 
1436828708441813337 
-6.13706712199e-09 
1436828708454484512 
-6.13706133151e-09 
1436828708466144687 
-6.13706133151e-09 
1436828708475614261 
-6.13705545823e-09 
1436828708487292007 
-6.13705545823e-09 
1436828708498884190 
-6.13705094506e-09 
1436828708511549892 
-6.13705094506e-09 
1436828708523234749 
-6.13704515588e-09 
1436828708535336497 
-6.13704515588e-09 
1436828708546942226 
-6.13704036671e-09 
1436828708556437466 
-6.13704036671e-09 
1436828708568221029 
-6.13703476972e-09 
1436828708579814200 
-6.13703476972e-09 
1436828708592489168 
-6.13702917317e-09 
1436828708604126760 
-6.13702917317e-09 
1436828708613675350 
-6.13702338574e-09 
1436828708625378055 
-6.13702338574e-09 
1436828708636961347 
-6.13701881907e-09 
1436828708646523654 
-6.13701881907e-09 
1436828708658258654 
-6.13701297228e-09 
1436828708669906469 
-6.13701297228e-09 
1436828708679367910 
-6.13700840424e-09 
1436828708691003747 
-6.13700840424e-09 
1436828708702606198 
-6.13700253256e-09 
1436828708715319899 
-6.13700253256e-09 
1436828708727006935 
-6.13699696624e-09 
1436828708739633763 
-6.13699696624e-09 
1436828708751300122 
-6.13699128467e-09 
1436828708762920569 
-6.13699128467e-09 
1436828708775559492 
-6.13698541437e-09 
1436828708787258364 
-6.13698541437e-09 
1436828708798823792 
-6.13698081565e-09 
1436828708811590632 
-6.13698081565e-09 
1436828708823309498 
-6.136975251e-09 
1436828708834929238 
-6.136975251e-09 
1436828708844433468 
-6.13696957112e-09 
1436828708856177722 
-6.13696957112e-09 
1436828708867782413 
-6.13696394719e-09 
1436828708880426368 
-6.13696394719e-09 
1436828708892067460 
-6.13695832369e-09 
1436828708903632048 
-6.13695832369e-09 
1436828708916276139 
-6.13695342398e-09 
1436828708927868497 
-6.13695342398e-09 
1436828708937354115 
-6.13694777354e-09 
1436828708948940684 
-6.13694777354e-09 
1436828708958435453 
-6.13694231259e-09 
1436828708970134894 
-6.13694231259e-09 
1436828708981785471 
-6.13693752959e-09 
1436828708994472126 
-6.13693752959e-09 
1436828709006157560 
-6.13693179251e-09 
1436828709017773760 
-6.13693179251e-09 
1436828709030490415 
-6.13692722493e-09 
1436828709042220642 
-6.13692722493e-09 
1436828709053791740 
-6.1369214609e-09 
1436828709063249310 
-6.1369214609e-09 
1436828709074885662 
-6.13691603169e-09 
1436828709087504866 
-6.13691013511e-09 
1436828709099066015 
-6.13691013511e-09 
1436828709110599299 
-6.13691013511e-09 
1436828709123174066 
-6.13690461889e-09 
1436828709134878684 
-6.13690461889e-09 
1436828709147565089 
-6.13689891215e-09 
1436828709159401854 
-6.13689891215e-09 
1436828709170912670 
-6.13689401439e-09 
1436828709180407113 
-6.13689401439e-09 
1436828709192096706 
-6.13688851327e-09 
1436828709203723721 
-6.13688851327e-09 
1436828709216389645 
-6.13688276616e-09 
1436828709224812771 
-6.13688276616e-09 
1436828709237501473 
-6.13687810199e-09 
1436828709249188648 
-6.13687810199e-09 
1436828709260800046 
-6.13687238547e-09 
1436828709273552290 
-6.13687238547e-09 
1436828709285172643 
-6.13686770607e-09 
1436828709294659879 
-6.13686770607e-09 
1436828709306426727 
-6.13686220694e-09 
1436828709318087650 
-6.13686220694e-09 
1436828709329756265 
-6.13685641572e-09 
1436828709342380807 
-6.13685641572e-09 
1436828709354211112 
-6.13685085991e-09 
1436828709365750251 
-6.13684536205e-09 
1436828709378405227 
-6.13684536205e-09 
1436828709390030926 
-6.13684536205e-09 
1436828709401651872 
-6.13683976294e-09 
1436828709411147820 
-6.13683976294e-09 
1436828709425953064 
-6.13683505787e-09 
1436828709435413273 
-6.13683505787e-09 
1436828709447063481 
-6.13682948731e-09 
1436828709456523980 
-6.13682948731e-09 
1436828709468091092 
-6.13682368684e-09 
1436828709477531493 
-6.13682368684e-09 
1436828709489036678 
-6.13681915964e-09 
1436828709500649084 
-6.13681915964e-09 
1436828709513180563 
-6.13681354866e-09 
1436828709524763970 
-6.13681354866e-09 
1436828709537468005 
-6.13680861252e-09 
1436828709549146558 
-6.13680861252e-09 
1436828709560808340 
-6.13680300236e-09 
1436828709573553017 
-6.13680300236e-09 
1436828709585400327 
-6.13679736487e-09 
1436828709597128996 
-6.13679736487e-09 
1436828709606684219 
-6.13679178332e-09 
1436828709618378851 
-6.13679178332e-09 
1436828709630050648 
-6.13678619035e-09 
1436828709641768020 
-6.13678619035e-09 
1436828709654495278 
-6.13678141691e-09 
1436828709666140787 
-6.13678141691e-09 
1436828709677750538 
-6.13677578108e-09 
1436828709690380484 
-6.13677578108e-09 
1436828709698768368 
-6.13677008574e-09 
1436828709711433114 
-6.13677008574e-09 
1436828709723070862 
-6.13676448056e-09 
1436828709732548726 
-6.13676448056e-09 
1436828709744226592 
-6.13675970854e-09 
1436828709755861839 
-6.13675970854e-09 
1436828709768513925 
-6.13675394709e-09 
1436828709780079703 
-6.13675394709e-09 
1436828709791762326 
-6.13674939202e-09 
1436828709804462941 
-6.13674939202e-09 
1436828709816037303 
-6.13674365914e-09 
1436828709825528994 
-6.13674365914e-09 
1436828709837098907 
-6.13673822858e-09 
1436828709848747105 
-6.13673822858e-09 
1436828709861418119 
-6.13673268503e-09 
1436828709873174288 
-6.13673268503e-09 
1436828709884835175 
-6.13672697919e-09 
1436828709897522878 
-6.13672697919e-09 
1436828709909069596 
-6.13672256078e-09 
1436828709920604673 
-6.13672256078e-09 
1436828709933327049 
-6.13671684387e-09 
1436828709941787295 
-6.13671684387e-09 
1436828709954432982 
-6.13671131584e-09 
1436828709966065931 
-6.13671131584e-09 
1436828709975582950 
-6.13670573271e-09 
1436828709987292487 
-6.13670573271e-09 
1436828709998950144 
-6.13670103958e-09 
1436828710008415515 
-6.13670103958e-09 
1436828710023212418 
-6.13669548298e-09 
1436828710034895224 
-6.13669548298e-09 
1436828710046621670 
-6.1366910685e-09 
1436828710059419915 
-6.1366910685e-09 
1436828710067860922 
-6.13668521098e-09 
1436828710080475536 
-6.13668521098e-09 
1436828710092131663 
-6.1366796576e-09 
1436828710101572556 
-6.1366796576e-09 
1436828710116294754 
-6.13667430685e-09 
1436828710127908117 
-6.13667430685e-09 
1436828710140627881 
-6.1366684209e-09 
1436828710149153345 
-6.1366684209e-09 
1436828710163967564 
-6.13666399419e-09 
1436828710173419482 
-6.13666399419e-09 
1436828710184896308 
-6.13665832714e-09 
1436828710194303348 
-6.13665832714e-09 
1436828710205899696 
-6.13665293634e-09 
1436828710218574331 
-6.13665293634e-09 
1436828710230225347 
-6.13664823277e-09 
1436828710241962929 
-6.13664823277e-09 
1436828710251451605 
-6.13664252531e-09 
1436828710263243640 
-6.13664252531e-09 
1436828710274962886 
-6.13663683421e-09 
1436828710287499206 
-6.13663683421e-09 
1436828710299178193 
-6.1366322644e-09 
1436828710310760862 
-6.1366322644e-09 
1436828710323387612 
-6.13662684779e-09 
1436828710335051873 
-6.13662684779e-09 
1436828710344538038 
-6.13662118567e-09 
1436828710356047904 
-6.13662118567e-09 
1436828710365488211 
-6.136616605e-09 
1436828710377056449 
-6.136616605e-09 
1436828710388650068 
-6.13661091391e-09 
1436828710401461668 
-6.13661091391e-09 
1436828710413189954 
-6.13660539958e-09 
1436828710424765237 
-6.13660539958e-09 
1436828710437345289 
-6.13660083378e-09 
1436828710448961484 
-6.13660083378e-09 
1436828710458461743 
-6.13659525084e-09 
1436828710470094517 
-6.13659525084e-09 
1436828710481621875 
-6.13658975159e-09 
1436828710491134382 
-6.13658975159e-09 
1436828710502725591 
-6.13658485572e-09 
1436828710515292413 
-6.13658485572e-09 
1436828710527034329 
-6.13657932952e-09 
1436828710538623438 
-6.13657932952e-09 
1436828710551507192 
-6.13657392246e-09 
1436828710563318300 
-6.13657392246e-09 
1436828710574915289 
-6.13656835547e-09 
1436828710587511593 
-6.13656835547e-09 
1436828710599045622 
-6.1365628048e-09 
1436828710611608465 
-6.1365628048e-09 
1436828710623206562 
-6.13655710966e-09 
1436828710634764266 
-6.13655710966e-09 
1436828710647388310 
-6.13655173202e-09 
1436828710658945692 
-6.13655173202e-09 
1436828710671507654 
-6.1365470129e-09 
1436828710683017073 
-6.1365470129e-09 
1436828710694801299 
-6.13654140838e-09 
1436828710707556821 
-6.13654140838e-09 
1436828710719279621 
-6.13653571493e-09 
1436828710730906214 
-6.13653571493e-09 
1436828710740352011 
-6.13653031318e-09 
1436828710751992519 
-6.13653031318e-09 
1436828710764646598 
-6.13652459286e-09 
1436828710776253372 
-6.13652459286e-09 
1436828710787782626 
-6.1365202992e-09 
1436828710800371635 
-6.1365202992e-09 
1436828710811923268 
-6.13651458171e-09 
1436828710821368280 
-6.13651458171e-09 
1436828710836031695 
-6.13650929812e-09 
1436828710845497517 
-6.13650929812e-09 
1436828710857024433 
-6.13650359538e-09 
1436828710868759638 
-6.13650359538e-09 
1436828710878220175 
-6.13649799779e-09 
1436828710889883926 
-6.13649799779e-09 
1436828710902471100 
-6.13649327036e-09 
1436828710914137785 
-6.13649327036e-09 
1436828710925856390 
-6.1364876756e-09 
1436828710938460050 
-6.1364876756e-09 
1436828710950108210 
-6.13648236828e-09 
1436828710959598028 
-6.13648236828e-09 
1436828710971145949 
-6.13647776041e-09 
1436828710982655268 
-6.13647776041e-09 
1436828710995323040 
-6.13647217872e-09 
1436828711006937673 
-6.13647217872e-09 
1436828711016366055 
-6.13646658359e-09 
1436828711028379225 
-6.13646658359e-09 
1436828711043023060 
-6.13646210913e-09 
1436828711052513089 
-6.13646210913e-09 
1436828711067194313 
-6.13645650294e-09 
1436828711076668210 
-6.13645650294e-09 
1436828711088340930 
-6.13645089518e-09 
1436828711099883741 
-6.13645089518e-09 
1436828711109313260 
-6.13644542222e-09 
1436828711120884704 
-6.13644542222e-09 
1436828711130370193 
-6.13644093522e-09 
1436828711145171673 
-6.13644093522e-09 
1436828711156817558 
-6.13643530295e-09 
1436828711169396515 
-6.13643530295e-09 
1436828711180988894 
-6.13642984306e-09 
1436828711193651738 
-6.13642984306e-09 
1436828711205300552 
-6.13642406906e-09 
1436828711216926354 
-6.13642406906e-09 
1436828711229557474 
-6.13641858431e-09 
1436828711241178092 
-6.13641858431e-09 
1436828711252779024 
-6.13641323227e-09 
1436828711265479180 
-6.13641323227e-09 
1436828711277100090 
-6.13640773449e-09 
1436828711288755722 
-6.13640773449e-09 
1436828711301414120 
-6.13640222327e-09 
1436828711313048798 
-6.13640222327e-09 
1436828711324648260 
-6.13639658379e-09 
1436828711337361846 
-6.13639658379e-09 
1436828711348885073 
-6.13639107344e-09 
1436828711361596797 
-6.13639107344e-09 
1436828711373295728 
-6.13638567003e-09 
1436828711385003594 
-6.13638567003e-09 
1436828711396624174 
-6.13638030665e-09 
1436828711409264958 
-6.13638030665e-09 
1436828711420953816 
-6.13637462934e-09 
1436828711433550422 
-6.13637462934e-09 
1436828711445102192 
-6.13636923906e-09 
1436828711457652746 
-6.13636923906e-09 
1436828711469266714 
-6.13636354878e-09 
1436828711484090080 
-6.13636354878e-09 
1436828711493553384 
-6.13635813363e-09 
1436828711505203547 
-6.13635813363e-09 
1436828711520070856 
-6.13635273277e-09 
1436828711531794456 
-6.13635273277e-09 
1436828711544437526 
-6.13634717601e-09 
1436828711556148172 
-6.13634717601e-09 
1436828711567904665 
-6.13634176214e-09 
1436828711580545389 
-6.13634176214e-09 
1436828711592240611 
-6.13633617851e-09 
1436828711603932810 
-6.13633617851e-09 
1436828711616537771 
-6.13633045625e-09 
1436828711628101074 
-6.13633045625e-09 
1436828711639741398 
-6.13632514807e-09 
1436828711652490184 
-6.13632514807e-09 
1436828711664042601 
-6.13631956087e-09 
1436828711676591290 
-6.13631956087e-09 
1436828711688224465 
-6.13631426048e-09 
1436828711699812500 
-6.13631426048e-09 
1436828711712462502 
-6.13630864439e-09 
1436828711724101045 
-6.13630864439e-09 
1436828711735753415 
-6.13630303772e-09 
1436828711748421988 
-6.13630303772e-09 
1436828711760047779 
-6.13629783601e-09 
1436828711771664386 
-6.13629783601e-09 
1436828711784360183 
-6.13629223023e-09 
1436828711795950944 
-6.13629223023e-09 
1436828711808608272 
-6.13628761029e-09 
1436828711820246188 
-6.13628761029e-09 
1436828711831792511 
-6.13628196863e-09 
1436828711844425266 
-6.13628196863e-09 
1436828711856011039 
-6.13627674281e-09 
1436828711865526084 
-6.13627674281e-09 
1436828711877118445 
-6.13627123613e-09 
1436828711888768979 
-6.13627123613e-09 
1436828711901433398 
-6.13626569521e-09 
1436828711909877179 
-6.13626105626e-09 
1436828711922453391 
-6.13626105626e-09 
1436828711934100197 
-6.13626105626e-09 
1436828711943547096 
-6.13625553004e-09 
1436828711955138860 
-6.13625553004e-09 
1436828711966738575 
-6.13625129113e-09 
1436828711979409559 
-6.13625129113e-09 
1436828711991084637 
-6.13624575183e-09 
1436828712002608884 
-6.13624575183e-09 
1436828712015201521 
-6.13624020113e-09 
1436828712026773790 
-6.13624020113e-09 
1436828712039445683 
-6.13623477394e-09 
1436828712051096448 
-6.13623477394e-09 
1436828712062608721 
-6.1362292172e-09 
1436828712075207109 
-6.1362292172e-09 
1436828712086932244 
-0.000125636656059 
1436828712099532149 
-0.000125636656059 
1436828712111197805 
-0.000816830807755 
1436828712122791193 
-0.000816830807755 
1436828712135446601 
-0.00201045752362 
1436828712147141375 
-0.00201045752362 
1436828712161805609 
-0.00320489443913 
1436828712171317847 
-0.00320489443913 
1436828712182900150 
-0.00439882109088 
1436828712195584373 
-0.00439882109088 
1436828712207228663 
-0.00565553348034 
1436828712222106686 
-0.00565553348034 
1436828712233867763 
-0.00685059265825 
1436828712243415520 
-0.00685059265825 
1436828712255134071 
-0.00810738507716 
1436828712269842063 
-0.00810738507716 
1436828712282460708 
-0.00930157684018 
1436828712294102422 
-0.00930157684018 
1436828712305754191 
-0.0104972871833 
1436828712318383321 
-0.0104972871833 
1436828712330115995 
-0.0116933161225 
1436828712341783209 
-0.0116933161225 
1436828712354460701 
-0.0129513078147 
1436828712366179787 
-0.0129513078147 
1436828712377820819 
-0.0141478281137 
1436828712390595400 
-0.0141478281137 
1436828712402197090 
-0.0153423827291 
1436828712413787312 
-0.0153423827291 
1436828712426534244 
-0.0165392717489 
1436828712438103498 
-0.0165392717489 
1436828712449753007 
-0.0177998868387 
1436828712462400810 
-0.0177998868387 
1436828712473958069 
-0.018994532133 
1436828712486656856 
-0.018994532133 
1436828712498294027 
-0.0201916241882 
1436828712510018156 
-0.0201916241882 
1436828712521645810 
-0.0213920081558 
1436828712534274011 
-0.0213920081558 
1436828712545940238 
-0.0225908171242 
1436828712558722473 
-0.0225908171242 
1436828712570444517 
-0.023788605906 
1436828712582089335 
-0.023788605906 
1436828712596915736 
-0.0250507143973 
1436828712606382799 
-0.0250507143973 
1436828712621181182 
-0.0262502227813 
1436828712630624045 
-0.0262502227813 
1436828712645465719 
-0.0274484726729 
1436828712657082500 
-0.0274484726729 
1436828712668604493 
-0.0286483581602 
1436828712681286082 
-0.0286483581602 
1436828712692959513 
-0.0298522349957 
1436828712705545072 
-0.0298522349957 
1436828712717051461 
-0.0310582808774 
1436828712729647682 
-0.0310582808774 
1436828712741201612 
-0.0322543910428 
1436828712752857046 
-0.0322543910428 
1436828712765434478 
-0.0335222655567 
1436828712777020270 
-0.0335222655567 
1436828712788769769 
-0.0347296358184 
1436828712801362060 
-0.0347296358184 
1436828712812949458 
-0.0359323337583 
1436828712825578053 
-0.0359323337583 
1436828712837211849 
-0.0371386359714 
1436828712848802236 
-0.0371386359714 
1436828712861342151 
-0.0383474146685 
1436828712872982004 
-0.0383474146685 
1436828712885688484 
-0.0395580958152 
1436828712897272237 
-0.0395580958152 
1436828712908807147 
-0.0407657445847 
1436828712921465933 
-0.0407657445847 
1436828712933145793 
-0.041969918098 
1436828712944770033 
-0.041969918098 
1436828712957456575 
-0.0431820040583 
1436828712969176681 
-0.0431820040583 
1436828712983876640 
-0.0443986949414 
1436828712993411877 
-0.0443986949414 
1436828713008193754 
-0.0456037614094 
1436828713017623446 
-0.0456037614094 
1436828713032394999 
-0.0468173397616 
1436828713043964062 
-0.0468173397616 
1436828713056616451 
-0.0480314220045 
1436828713068239457 
-0.0480314220045 
1436828713079788248 
-0.0492433443556 
1436828713092446103 
-0.0492433443556 
1436828713104059415 
-0.0504091519756 
1436828713115751024 
-0.0504091519756 
1436828713128458655 
-0.0516249208677 
1436828713140059727 
-0.0516249208677 
1436828713151636903 
-0.052838298441 
1436828713164372776 
-0.052838298441 
1436828713176047797 
-0.054064569378 
1436828713188647682 
-0.054064569378 
1436828713200466432 
-0.0552836834696 
1436828713212070671 
-0.0552836834696 
1436828713223627589 
-0.0565013432015 
1436828713236278692 
-0.0565013432015 
1436828713247900386 
-0.0576637868308 
1436828713260572149 
-0.0576637868308 
1436828713272298535 
-0.0588928875647 
1436828713283925836 
-0.0588928875647 
1436828713296509355 
-0.0601195526613 
1436828713308153064 
-0.0601195526613 
1436828713322897492 
-0.0613412892383 
1436828713332436144 
-0.0613412892383 
1436828713344192548 
-0.0625062829637 
1436828713359069104 
-0.0625062829637 
1436828713368563950 
-0.0637323473042 
1436828713380266631 
-0.0637323473042 
1436828713395091724 
-0.0649729004463 
1436828713404601919 
-0.0649729004463 
1436828713416215189 
-0.065939611227 
1436828713430943966 
-0.065939611227 
1436828713443498858 
-0.0671756222229 
1436828713455090598 
-0.0671756222229 
1436828713466789166 
-0.0685465603871 
1436828713479480935 
-0.0685465603871 
1436828713491085107 
-0.0697781497909 
1436828713502616903 
-0.0697781497909 
1436828713515240011 
-0.0710164294012 
1436828713526863755 
-0.0710164294012 
1436828713539570114 
-0.0721925908758 
1436828713551136661 
-0.0721925908758 
1436828713562806122 
-0.0734413586972 
1436828713575573313 
-0.0734413586972 
1436828713587198880 
-0.0746190351807 
1436828713598750113 
-0.0746190351807 
1436828713611401745 
-0.0758670483656 
1436828713623135337 
-0.0758670483656 
1436828713634784491 
-0.0770420576383 
1436828713647421928 
-0.0770420576383 
1436828713659034201 
-0.0782355235996 
1436828713673784800 
-0.0782355235996 
1436828713683293227 
-0.079488636038 
1436828713694882418 
-0.079488636038 
1436828713707547722 
-0.0806583592126 
1436828713719237973 
-0.0806583592126 
1436828713733964303 
-0.0818544266358 
1436828713743451389 
-0.0818544266358 
1436828713755032448 
-0.0831099058248 
1436828713767675748 
-0.0831099058248 
1436828713782536662 
-0.0843033955211 
1436828713794123897 
-0.0843033955211 
1436828713805782800 
-0.0854977107618 
1436828713818414650 
-0.0854977107618 
1436828713830099301 
-0.0867048169429 
1436828713841770709 
-0.0867048169429 
1436828713854408383 
-0.0879637292434 
1436828713866065828 
-0.0879637292434 
1436828713877742347 
-0.0891558856578 
1436828713890417012 
-0.0891558856578 
1436828713901996773 
-0.0903611318742 
1436828713913658158 
-0.0903611318742 
1436828713926230769 
-0.0915595394277 
1436828713937779556 
-0.0915595394277 
1436828713950381691 
-0.0927665496384 
1436828713961827805 
-0.0927665496384 
1436828713974406180 
-0.0939744643681 
1436828713986107984 
-0.0939744643681 
1436828713997735364 
-0.0951867491301 
1436828714010323176 
-0.0951867491301 
1436828714021896858 
-0.0963964697479 
1436828714034587071 
-0.0963964697479 
1436828714046175623 
-0.0973934641076 
1436828714060898989 
-0.0973934641076 
1436828714070348814 
-0.0988220772655 
1436828714081904872 
-0.0988220772655 
1436828714094465954 
-0.100034371501 
1436828714105994750 
-0.100034371501 
1436828714118605702 
-0.101259655328 
1436828714130136175 
-0.101259655328 
1436828714144768813 
-0.102410861991 
1436828714157307695 
-0.102410861991 
1436828714168994777 
-0.103638112902 
1436828714180622719 
-0.103638112902 
1436828714193337247 
-0.104848367174 
1436828714204941071 
-0.104848367174 
1436828714217532548 
-0.106082992134 
1436828714229088375 
-0.106082992134 
1436828714240748718 
-0.107250314863 
1436828714253386137 
-0.107250314863 
1436828714265018501 
-0.108481444817 
1436828714277615870 
-0.108481444817 
1436828714289276302 
-0.109713536598 
1436828714300977785 
-0.109713536598 
1436828714313667180 
-0.11089291719 
1436828714325354606 
-0.11089291719 
1436828714336887340 
-0.112126972902 
1436828714349590482 
-0.112126972902 
1436828714361309769 
-0.113299112528 
1436828714372971034 
-0.113299112528 
1436828714385633680 
-0.114544404826 
1436828714397295583 
-0.114544404826 
1436828714409075662 
-0.115738062451 
1436828714420714319 
-0.115738062451 
1436828714433381682 
-0.116773665393 
1436828714445223787 
-0.116773665393 
1436828714456987200 
-0.117933057373 
1436828714468667451 
-0.117933057373 
1436828714481484502 
-0.119192536274 
1436828714493201020 
-0.119192536274 
1436828714501793343 
-0.120379848396 
1436828714514394911 
-0.120379848396 
1436828714526150039 
-0.121572489923 
1436828714537865118 
-0.121572489923 
1436828714550593076 
-0.122632448963 
1436828714562313156 
-0.122632448963 
1436828714574090175 
-0.123816297389 
1436828714583604138 
-0.123816297389 
1436828714595285128 
-0.125000965136 
1436828714606912414 
-0.125000965136 
1436828714619541569 
-0.126214064588 
1436828714631133745 
-0.126214064588 
1436828714640652579 
-0.127400550595 
1436828714652237303 
-0.127400550595 
1436828714663775941 
-0.128458406285 
1436828714676470295 
-0.128458406285 
1436828714688112672 
-0.129674691983 
1436828714699740180 
-0.129674691983 
1436828714712310884 
-0.130885488762 
1436828714723933131 
-0.130885488762 
1436828714736554352 
-0.132097350527 
1436828714748316525 
-0.132097350527 
1436828714759949699 
-0.133310261001 
1436828714772648109 
-0.133310261001 
1436828714784354273 
-0.134524203876 
1436828714795933798 
-0.134524203876 
1436828714808581506 
-0.135512649723 
1436828714820197522 
-0.135512649723 
1436828714831838605 
-0.136750953146 
1436828714844441391 
-0.136750953146 
1436828714856006711 
-0.13790496327 
1436828714865444191 
-0.13790496327 
1436828714877065806 
-0.139133754655 
1436828714888649880 
-0.139133754655 
1436828714901333420 
-0.140352595564 
1436828714912884334 
-0.140352595564 
1436828714925529906 
-0.141379919685 
1436828714937056351 
-0.141379919685 
1436828714948741216 
-0.142541765976 
1436828714961325269 
-0.142541765976 
1436828714972945327 
-0.143774640756 
1436828714982413225 
-0.143774640756 
1436828714993969049 
-0.145020938466 
1436828715006611790 
-0.145020938466 
1436828715015073667 
-0.146185762929 
1436828715026842586 
-0.146185762929 
1436828715039595409 
-0.147217740824 
1436828715051227192 
-0.147217740824 
1436828715062776209 
-0.148384330003 
1436828715075380973 
-0.149622119664 
1436828715086979036 
-0.149622119664 
1436828715096442982 
-0.149622119664 
1436828715108135691 
-0.15059791688 
1436828715119762103 
-0.15059791688 
1436828715132471001 
-0.151837547145 
1436828715144083884 
-0.151837547145 
1436828715155750610 
-0.153032352179 
1436828715165248840 
-0.153032352179 
1436828715179929630 
-0.154073618706 
1436828715189421133 
-0.154073618706 
1436828715201020869 
-0.15524545662 
1436828715213635709 
-0.15524545662 
1436828715225303763 
-0.156443227879 
1436828715236985854 
-0.156443227879 
1436828715246516021 
-0.157642059905 
1436828715258252580 
-0.157642059905 
1436828715269906621 
-0.158686691694 
1436828715279433264 
-0.158686691694 
1436828715294198206 
-0.159895376285 
1436828715305803209 
-0.159895376285 
1436828715318481323 
-0.161122900489 
1436828715327007769 
-0.161122900489 
1436828715339605541 
-0.162304188716 
1436828715351423733 
-0.162304188716 
1436828715363116318 
-0.163533987704 
1436828715377945480 
-0.163533987704 
1436828715387506345 
-0.164738893935 
1436828715402272569 
-0.164738893935 
1436828715413848658 
-0.165957147453 
1436828715426476128 
-0.165957147453 
1436828715438132162 
-0.166944871414 
1436828715447636099 
-0.166944871414 
1436828715459472557 
-0.168156722253 
1436828715471600722 
-0.168156722253 
1436828715486410793 
-0.16939193129 
1436828715494917797 
-0.16939193129 
1436828715507584363 
-0.170542903083 
1436828715519256522 
-0.170542903083 
1436828715530920276 
-0.17179295409 
1436828715540413740 
-0.17179295409 
1436828715552102104 
-0.173031520431 
1436828715561655963 
-0.173031520431 
1436828715573507713 
-0.174028271304 
1436828715585096593 
-0.174028271304 
1436828715594630929 
-0.175034175137 
1436828715606256620 
-0.175034175137 
1436828715618076181 
-0.176189517119 
1436828715629750233 
-0.176189517119 
1436828715642461003 
-0.177436068658 
1436828715654176255 
-0.177436068658 
1436828715665806543 
-0.178635586689 
1436828715678601986 
-0.178635586689 
1436828715690258245 
-0.179635891858 
1436828715701939606 
-0.179635891858 
1436828715714543692 
-0.18088536796 
1436828715726172731 
-0.18088536796 
1436828715737766761 
-0.182081842932 
1436828715750361764 
-0.182081842932 
1436828715761967902 
-0.183246612147 
1436828715771415017 
-0.183246612147 
1436828715783066471 
-0.184369030181 
1436828715792584722 
-0.184369030181 
1436828715804218849 
-0.184863296514 
1436828715815816438 
-0.184863296514 
1436828715828511361 
-0.184993240134 
1436828715840111665 
-0.184993240134 
1436828715851773489 
-0.185021617734 
1436828715864413300 
-0.185021617734 
1436828715876111329 
-0.185021617734 
1436828715885609450 
-0.185021617734 
1436828715900387448 
-0.185030552941 
1436828715911918839 
-0.185030552941 
1436828715921369592 
-0.185030552941 
1436828715932995506 
-0.185030552941 
1436828715944620409 
-0.185002175341 
1436828715957255647 
-0.185002175341 
1436828715968835619 
-0.185002175341 
1436828715981526767 
-0.185002175341 
1436828715993074578 
-0.185002175341 
1436828716002572210 
-0.185002175341 
1436828716014233209 
-0.185002175341 
1436828716025830126 
-0.185002175341 
1436828716038497236 
-0.185002175341 
1436828716050085131 
-0.185002175341 
1436828716059526497 
-0.185002175341 
1436828716071136700 
-0.185002175341 
1436828716082804553 
-0.185002175341 
1436828716095402227 
-0.185002175341 
1436828716106948117 
-0.185002175341 
1436828716116462283 
-0.185002175341 
1436828716128163850 
-0.185002175341 
1436828716139755622 
-0.185002175341 
1436828716152380566 
-0.185002175341 
1436828716163931681 
-0.185002175341 
1436828716173353867 
-0.185002175341 
1436828716188091517 
-0.185002175341 
1436828716197571734 
-0.185002175341 
1436828716209187131 
-0.185002175341 
1436828716223954650 
-0.185002175341 
1436828716248226245 
-0.185002175341 
1436828716263128448 
-0.185002175341 
1436828716295804992 
-0.185002175341 
1436828716308393969 
-0.185002175341 
1436828716320134048 
-0.185002175341 
1436828716331773530 
-0.185002175341 
1436828716344413219 
-0.184733333228 
1436828716356115002 
-0.184733333228 
1436828716367801508 
-0.183850873463 
1436828716380523519 
-0.183850873463 
1436828716392142394 
-0.182661648932 
1436828716403650933 
-0.182661648932 
1436828716416245763 
-0.181473400666 
1436828716427779435 
-0.181473400666 
1436828716440334124 
-0.180443981643 
1436828716451919270 
-0.180443981643 
1436828716464563048 
-0.179194766902 
1436828716476287791 
-0.179194766902 
1436828716487938408 
-0.178009416087 
1436828716500546778 
-0.178009416087 
1436828716512136875 
-0.176762274218 
1436828716521661508 
-0.176762274218 
1436828716533270943 
-0.17557902903 
1436828716544898346 
-0.17557902903 
1436828716554427532 
-0.174581283717 
1436828716566101691 
-0.174581283717 
1436828716575593577 
-0.173337104701 
1436828716587222003 
-0.173337104701 
1436828716598953182 
-0.172318030819 
1436828716610612543 
-0.172318030819 
1436828716623189912 
-0.171165649411 
1436828716634827462 
-0.171165649411 
1436828716647402592 
-0.170555397432 
1436828716659034162 
-0.170555397432 
1436828716671580010 
-0.170988691713 
1436828716683238666 
-0.170988691713 
1436828716694833732 
-0.171933763745 
1436828716707484113 
-0.171933763745 
1436828716719072233 
-0.17315806177 
1436828716730627862 
-0.17315806177 
1436828716743277793 
-0.174353655744 
1436828716751764055 
-0.174353655744 
1436828716764384946 
-0.175598804725 
1436828716775974837 
-0.175598804725 
1436828716787604030 
-0.176817524749 
1436828716800247338 
-0.176817524749 
1436828716811801778 
-0.177844285181 
1436828716824482123 
-0.177844285181 
1436828716836134274 
-0.179020817593 
1436828716845662817 
-0.179020817593 
1436828716857295623 
-0.180261116418 
1436828716868940390 
-0.180261116418 
1436828716881552122 
-0.181433374772 
1436828716893250428 
-0.181433374772 
1436828716901827988 
-0.182703597101 
1436828716914506846 
-0.182703597101 
1436828716926038944 
-0.18367172858 
1436828716935633571 
-0.18367172858 
1436828716947300880 
-0.184473375178 
1436828716962067294 
-0.184473375178 
1436828716971590370 
-0.184919906528 
1436828716983202212 
-0.184919906528 
1436828716997930854 
-0.185011110549 
1436828717007338880 
-0.185011110549 
1436828717018926665 
-0.185011110549 
1436828717031603382 
-0.185011110549 
1436828717043434947 
-0.185002175341 
1436828717051945847 
-0.185002175341 
1436828717064587616 
-0.185002175341 
1436828717079400524 
-0.185002175341 
1436828717091054698 
-0.185002175341 
1436828717100532342 
-0.185002175341 
1436828717112114982 
-0.185002175341 
1436828717121582312 
-0.185002175341 
1436828717133290612 
-0.185002175341 
1436828717145143656 
-0.185002175341 
1436828717154572016 
-0.185002175341 
1436828717166153660 
-0.185002175341 
1436828717177679152 
-0.185002175341 
1436828717190369144 
-0.185002175341 
1436828717201982779 
-0.185002175341 
1436828717214672115 
-0.185002175341 
1436828717226262990 
-0.185002175341 
1436828717237851852 
-0.185002175341 
1436828717250431400 
-0.185002175341 
1436828717262143541 
-0.185002175341 
1436828717271614430 
-0.185002175341 
1436828717283249538 
-0.185002175341 
1436828717294800887 
-0.185002175341 
1436828717304275187 
-0.185002175341 
1436828717315877159 
-0.185002175341 
1436828717328478650 
-0.185002175341 
1436828717340135276 
-0.185002175341 
1436828717349588677 
-0.185002175341 
1436828717361200618 
-0.185002175341 
1436828717372803184 
-0.185002175341 
1436828717403342479 
-0.185002175341 
1436828717436108254 
-0.185002175341 
1436828717450934366 
-0.185002175341 
1436828717460377501 
-0.185002175341 
1436828717471959579 
-0.185002175341 
1436828717499471649 
-0.184718197981 
1436828717511200156 
-0.184718197981 
1436828717522962808 
-0.184073513449 
1436828717532488180 
-0.184073513449 
1436828717543994101 
-0.182884174399 
1436828717553479063 
-0.182884174399 
1436828717565094025 
-0.181853791456 
1436828717576770419 
-0.181853791456 
1436828717589468161 
-0.180852087405 
1436828717601122391 
-0.180852087405 
1436828717612842942 
-0.179665326846 
1436828717625430716 
-0.179665326846 
1436828717637028323 
-0.178389073578 
1436828717646562815 
-0.178389073578 
1436828717658243888 
-0.177213130183 
1436828717669831017 
-0.177213130183 
1436828717682444718 
-0.176205753933 
1436828717694100837 
-0.176205753933 
1436828717703520669 
-0.174968747617 
1436828717715063255 
-0.174968747617 
1436828717726646454 
-0.173709827663 
1436828717739378755 
-0.173709827663 
1436828717751035875 
-0.172493539665 
1436828717762772906 
-0.172493539665 
1436828717775423970 
-0.171340942806 
1436828717787089547 
-0.171340942806 
1436828717798824518 
-0.170538658878 
1436828717811463935 
-0.170538658878 
1436828717823165008 
-0.170712127809 
1436828717834966573 
-0.170712127809 
1436828717847656609 
-0.171705647048 
1436828717856262985 
-0.171705647048 
1436828717867958759 
-0.172938227739 
1436828717880676252 
-0.172938227739 
1436828717892428255 
-0.174177784861 
1436828717904012030 
-0.174177784861 
1436828717916651931 
-0.175351310216 
1436828717928365240 
-0.175351310216 
1436828717939976062 
-0.176349557227 
1436828717952610194 
-0.176349557227 
1436828717964216656 
-0.177596303795 
1436828717975826589 
-0.177596303795 
1436828717985402658 
-0.178835404439 
1436828717997069441 
-0.178835404439 
1436828718006505648 
-0.180049220794 
1436828718018017123 
-0.180049220794 
1436828718029659830 
-0.181050423698 
1436828718042259329 
-0.181050423698 
1436828718053770878 
-0.182320359178 
1436828718063246087 
-0.182320359178 
1436828718074820044 
-0.183260065279 
1436828718087428336 
-0.183260065279 
1436828718099016345 
-0.184386852028 
1436828718108472438 
-0.184386852028 
1436828718120131054 
-0.1848527938 
1436828718131782390 
-0.1848527938 
1436828718144396978 
-0.185011110549 
1436828718155895134 
-0.185011110549 
1436828718165314517 
-0.185011110549 
1436828718176954932 
-0.185011110549 
1436828718189590537 
-0.185011110549 
1436828718201184252 
-0.185011110549 
1436828718212781333 
-0.185011110549 
1436828718225472135 
-0.185011110549 
1436828718237147054 
-0.185002175341 
1436828718248832092 
-0.185002175341 
1436828718258329851 
-0.185002175341 
1436828718270038899 
-0.185002175341 
1436828718291043853 
-0.185002175341 
1436828718300540625 
-0.185002175341 
1436828718312086922 
-0.185002175341 
1436828718323833607 
-0.185002175341 
1436828718336528737 
-0.185002175341 
1436828718348110300 
-0.185002175341 
1436828718359819727 
-0.185002175341 
1436828718372460702 
-0.185002175341 
1436828718384124073 
-0.185002175341 
1436828718393494723 
-0.185002175341 
1436828718405162329 
-0.185002175341 
1436828718416788765 
-0.185002175341 
1436828718426357298 
-0.185002175341 
1436828718437927320 
-0.185002175341 
1436828718450538099 
-0.185002175341 
1436828718462209539 
-0.185002175341 
1436828718473780448 
-0.185002175341 
1436828718483267325 
-0.185002175341 
1436828718494850398 
-0.185002175341 
1436828718507514344 
-0.185002175341 
1436828718519143392 
-0.185002175341 
1436828718530771380 
-0.185002175341 
1436828718543311142 
-0.185002175341 
1436828718564459951 
-0.185002175341 
1436828718579284139 
-0.185002175341 
1436828718590930509 
-0.185002175341 
1436828718603549695 
-0.185002175341 
1436828718615322279 
-0.185002175341 
1436828718626989698 
-0.185002175341 
1436828718639645064 
-0.185002175341 
1436828718651287994 
-0.185002175341 
1436828718662878951 
-0.185002175341 
1436828718675512062 
-0.184642154231 
1436828718687088646 
-0.184642154231 
1436828718701762531 
-0.183824204484 
1436828718711205126 
-0.183824204484 
1436828718722757985 
-0.182477055274 
1436828718735375485 
-0.182477055274 
1436828718747012013 
-0.181235030898 
1436828718759631680 
-0.181235030898 
1436828718771220567 
-0.180020149226 
1436828718782914775 
-0.180020149226 
1436828718795591312 
-0.178786180753 
1436828718807148617 
-0.178786180753 
1436828718818794501 
-0.177771702761 
1436828718828336173 
-0.177771702761 
1436828718839950649 
-0.176596237312 
1436828718851604255 
-0.176596237312 
1436828718864240290 
-0.175350349343 
1436828718875756611 
-0.175350349343 
1436828718885225799 
-0.17435274627 
1436828718896954008 
-0.17435274627 
1436828718909508285 
-0.173108763306 
1436828718921022986 
-0.173108763306 
1436828718933597237 
-0.171955695094 
1436828718945162746 
-0.171955695094 
1436828718956735394 
-0.171008872229 
1436828718969470447 
-0.171008872229 
1436828718981162236 
-0.170547028155 
1436828718992806221 
-0.170547028155 
1436828719002270679 
-0.171172343291 
1436828719017085909 
-0.171172343291 
1436828719026603007 
-0.172328966558 
1436828719038214656 
-0.172328966558 
1436828719049834294 
-0.173553624059 
1436828719059316720 
-0.173553624059 
1436828719070968897 
-0.174559200413 
1436828719082618481 
-0.174559200413 
1436828719098486672 
-0.17580441028 
1436828719110039103 
-0.17580441028 
1436828719121656278 
-0.177199540209 
1436828719131108770 
-0.177199540209 
1436828719142803785 
-0.178226546712 
1436828719155433529 
-0.178226546712 
1436828719167096493 
-0.179403341592 
1436828719176572580 
-0.179403341592 
1436828719188191837 
-0.180431982032 
1436828719199853557 
-0.180431982032 
1436828719209340487 
-0.181673371625 
1436828719220943196 
-0.181673371625 
1436828719233528902 
-0.182703597101 
1436828719245137420 
-0.182703597101 
1436828719259952420 
-0.183892757147 
1436828719269555352 
-0.183892757147 
1436828719281238528 
-0.184722837655 
1436828719292937108 
-0.184722837655 
1436828719302480606 
-0.185011110549 
1436828719314095795 
-0.185011110549 
1436828719323594250 
-0.185011110549 
1436828719335309690 
-0.185011110549 
1436828719346940070 
-0.185011110549 
1436828719359587757 
-0.185011110549 
1436828719371215189 
-0.185011110549 
1436828719382950685 
-0.185011110549 
1436828719392397796 
-0.185002175341 
1436828719403986770 
-0.185002175341 
1436828719416638438 
-0.185002175341 
1436828719428223035 
-0.185002175341 
1436828719440165997 
-0.185002175341 
1436828719451763484 
-0.185002175341 
1436828719464340955 
-0.185002175341 
1436828719475928955 
-0.185002175341 
1436828719488570279 
-0.185002175341 
1436828719500286757 
-0.185002175341 
1436828719511918658 
-0.185002175341 
1436828719521438631 
-0.185002175341 
1436828719533420299 
-0.185002175341 
1436828719545055654 
-0.185002175341 
1436828719554513501 
-0.185002175341 
1436828719566084689 
-0.185002175341 
1436828719578653916 
-0.185002175341 
1436828719590227651 
-0.185002175341 
1436828719601803357 
-0.185002175341 
1436828719614388776 
-0.185002175341 
1436828719625943508 
-0.185002175341 
1436828719638641893 
-0.185002175341 
1436828719650329645 
-0.185002175341 
1436828719662005503 
-0.185002175341 
1436828719674653210 
-0.185002175341 
1436828719686327008 
-0.185002175341 
1436828719697972403 
-0.185002175341 
1436828719722323993 
-0.185002175341 
1436828719740171846 
-0.185002175341 
1436828719749648952 
-0.185002175341 
1436828719761278795 
-0.185002175341 
1436828719772979601 
-0.185002175341 
1436828719785619649 
-0.185002175341 
1436828719797244483 
-0.185002175341 
1436828719808908799 
-0.185002175341 
1436828719818384014 
-0.185002175341 
1436828719833105661 
-0.184718197981 
1436828719842625471 
-0.184718197981 
1436828719854299177 
-0.183824204484 
1436828719865888665 
-0.183824204484 
1436828719878489734 
-0.182663241785 
1436828719890035902 
-0.182663241785 
1436828719899505880 
-0.181447005518 
1436828719914259138 
-0.181447005518 
1436828719925907694 
-0.180205807611 
1436828719935397581 
-0.180205807611 
1436828719950190446 
-0.179168637144 
1436828719961987124 
-0.179168637144 
1436828719971505519 
-0.177992087937 
1436828719986234668 
-0.177992087937 
1436828719994737324 
-0.176745044001 
1436828720007321723 
-0.176745044001 
1436828720019045214 
-0.175570459888 
1436828720028468765 
-0.175570459888 
1436828720043177451 
-0.17435274627 
1436828720052656281 
-0.17435274627 
1436828720064335041 
-0.17335574514 
1436828720079095124 
-0.17335574514 
1436828720088613091 
-0.17209829256 
1436828720100335910 
-0.17209829256 
1436828720112057954 
-0.171000484457 
1436828720124035393 
-0.171000484457 
1436828720133511730 
-0.170547028155 
1436828720145038617 
-0.170547028155 
1436828720156703705 
-0.171172343291 
1436828720166200791 
-0.171172343291 
1436828720178038446 
-0.172172044786 
1436828720189781387 
-0.172172044786 
1436828720202438134 
-0.17315806177 
1436828720213985773 
-0.17315806177 
1436828720226589123 
-0.174353655744 
1436828720238176052 
-0.174353655744 
1436828720249854830 
-0.175598804725 
1436828720262502701 
-0.175598804725 
1436828720274009882 
-0.176817524749 
1436828720283551836 
-0.176817524749 
1436828720309938208 
-0.179232633725 
1436828720322542831 
-0.179232633725 
1436828720334217583 
-0.179232633725 
1436828720349114486 
-0.180431982032 
1436828720358654273 
-0.180431982032 
1436828720370326436 
-0.181673371625 
1436828720382006097 
-0.181673371625 
1436828720394647648 
-0.182861684553 
1436828720406401724 
-0.182861684553 
1436828720418054698 
-0.184042072627 
1436828720427527201 
-0.184042072627 
1436828720439129228 
-0.184789960239 
1436828720448651234 
-0.184789960239 
1436828720460352318 
-0.185011110549 
1436828720471947578 
-0.185011110549 
1436828720481385363 
-0.185011110549 
1436828720492972360 
-0.185011110549 
1436828720505592181 
-0.185011110549 
1436828720517182294 
-0.185011110549 
1436828720528736176 
-0.185011110549 
1436828720541429687 
-0.185011110549 
1436828720553006910 
-0.185011110549 
1436828720564633819 
-0.185011110549 
1436828720577323635 
-0.185002175341 
1436828720588877260 
-0.185002175341 
1436828720601481412 
-0.185002175341 
1436828720613079645 
-0.185002175341 
1436828720624625798 
-0.185002175341 
1436828720637218967 
-0.185002175341 
1436828720648813995 
-0.185002175341 
1436828720658317661 
-0.185002175341 
1436828720669859632 
-0.185002175341 
1436828720682413740 
-0.185002175341 
1436828720693957773 
-0.185002175341 
1436828720706597570 
-0.185002175341 
1436828720718139688 
-0.185002175341 
1436828720729737129 
-0.185002175341 
1436828720739162024 
-0.185002175341 
1436828720750709123 
-0.185002175341 
1436828720763344944 
-0.185002175341 
1436828720774931403 
-0.185002175341 
1436828720784393672 
-0.185002175341 
1436828720795932566 
-0.185002175341 
1436828720808574761 
-0.185002175341 
1436828720820276664 
-0.185002175341 
1436828720831943785 
-0.185002175341 
1436828720844605567 
-0.185002175341 
1436828720856408208 
-0.185002175341 
1436828720882755190 
-0.185002175341 
1436828720898475493 
-0.185002175341 
1436828720910181673 
-0.185002175341 
1436828720921737469 
-0.185002175341 
1436828720934307170 
-0.185002175341 
1436828720945912220 
-0.185002175341 
1436828720958516651 
-0.185002175341 
1436828720966837560 
-0.184939344984 
1436828720979417470 
-0.184939344984 
1436828720991118209 
-0.184642154231 
1436828721000629029 
-0.184642154231 
1436828721012223242 
-0.18367489942 
1436828721026943033 
-0.18367489942 
1436828721036361407 
-0.182477055274 
1436828721047965765 
-0.182477055274 
1436828721060702757 
-0.181235030898 
1436828721072534690 
-0.181235030898 
1436828721084018394 
-0.180197058009 
1436828721096635727 
-0.180197058009 
1436828721108266941 
-0.179019656922 
1436828721119872617 
-0.177771702761 
1436828721132547542 
-0.177771702761 
1436828721144366611 
-0.177771702761 
1436828721155931403 
-0.176596237312 
1436828721168542456 
-0.176596237312 
1436828721176957950 
-0.175350349343 
1436828721189583469 
-0.175350349343 
1436828721198111458 
-0.17435274627 
1436828721212884107 
-0.17435274627 
1436828721222348031 
-0.173108763306 
1436828721233947685 
-0.173108763306 
1436828721246528400 
-0.171955695094 
1436828721258062665 
-0.171955695094 
1436828721270611952 
-0.17085211472 
1436828721282317464 
-0.17085211472 
1436828721297057357 
-0.170547028155 
1436828721306499586 
-0.170547028155 
1436828721321156321 
-0.171172343291 
1436828721332825904 
-0.171172343291 
1436828721342284095 
-0.172328966558 
1436828721353865290 
-0.172328966558 
1436828721366549087 
-0.173553624059 
1436828721378232680 
-0.173553624059 
1436828721389871137 
-0.174797970061 
1436828721399404616 
-0.174797970061 
1436828721411048615 
-0.175980578775 
1436828721422645926 
-0.175980578775 
1436828721432121143 
-0.176979245297 
1436828721443734407 
-0.176979245297 
1436828721456373986 
-0.178226546712 
1436828721464900792 
-0.178226546712 
1436828721477503456 
-0.179232633725 
1436828721489101818 
-0.179232633725 
1436828721498609996 
-0.180431982032 
1436828721510299393 
-0.180431982032 
1436828721521923795 
-0.181433374772 
1436828721534567755 
-0.181433374772 
1436828721546264995 
-0.182703597101 
1436828721557934644 
-0.182703597101 
1436828721570559066 
-0.183892757147 
1436828721582181026 
-0.183892757147 
1436828721593781636 
-0.184603322175 
1436828721606454126 
-0.184603322175 
1436828721618023904 
-0.185011110549 
1436828721629733635 
-0.185011110549 
1436828721639193542 
-0.185011110549 
1436828721653943447 
-0.185011110549 
1436828721663486221 
-0.185011110549 
1436828721675208987 
-0.185011110549 
1436828721686879451 
-0.185011110549 
1436828721699476968 
-0.185011110549 
1436828721711107080 
-0.185011110549 
1436828721722786041 
-0.185011110549 
1436828721735411375 
-0.185011110549 
1436828721747115379 
-0.185011110549 
1436828721756580133 
-0.185002175341 
1436828721768234964 
-0.185002175341 
1436828721779852811 
-0.185002175341 
1436828721792480508 
-0.185002175341 
1436828721804075260 
-0.185002175341 
1436828721813601600 
-0.185002175341 
1436828721825256512 
-0.185002175341 
1436828721834643715 
-0.185002175341 
1436828721846283877 
-0.185002175341 
1436828721857968804 
-0.185002175341 
1436828721870595230 
-0.185002175341 
1436828721882124598 
-0.185002175341 
1436828721912651366 
-0.185002175341 
1436828721924242480 
-0.185002175341 
1436828721935809882 
-0.185002175341 
1436828721945277968 
-0.185002175341 
1436828721956919788 
-0.185002175341 
1436828721969503059 
-0.185002175341 
1436828721981053872 
-0.185002175341 
1436828721992658870 
-0.185002175341 
1436828722005312527 
-0.185002175341 
1436828722016932259 
-0.185002175341 
1436828722038102135 
-0.185002175341 
1436828722055937107 
-0.185002175341 
1436828722068626601 
-0.185002175341 
1436828722080205774 
-0.185002175341 
1436828722091745710 
-0.185002175341 
1436828722101284577 
-0.185002175341 
1436828722113048578 
-0.185002175341 
1436828722127824003 
-0.184939344984 
1436828722137296863 
-0.184939344984 
1436828722148966645 
-0.18450326684 
1436828722161581342 
-0.18450326684 
1436828722173254690 
-0.183453883693 
1436828722184787358 
-0.183453883693 
1436828722197426646 
-0.182477055274 
1436828722209053869 
-0.182477055274 
1436828722220614613 
-0.181235030898 
1436828722233225771 
-0.181235030898 
1436828722244795002 
-0.180048001224 
1436828722254340435 
-0.180048001224 
1436828722269220033 
-0.178786180753 
1436828722277681867 
-0.178786180753 
1436828722290307769 
-0.177609894875 
1436828722301934628 
-0.177609894875 
1436828722311514974 
-0.176596237312 
1436828722323132228 
-0.176596237312 
1436828722334773289 
-0.175350349343 
1436828722347411272 
-0.175350349343 
1436828722356017482 
-0.17435274627 
1436828722368644475 
-0.17435274627 
1436828722380276813 
-0.173108763306 
1436828722392007385 
-0.173108763306 
1436828722404617953 
-0.171955695094 
1436828722416264250 
-0.171955695094 
1436828722427877196 
-0.17085211472 
1436828722440567032 
-0.17085211472 
1436828722452261918 
-0.170547028155 
1436828722463897815 
-0.170547028155 
1436828722476552037 
-0.171145458979 
1436828722488244449 
-0.171145458979 
1436828722499926582 
-0.172328966558 
1436828722512627554 
-0.172328966558 
1436828722524260769 
-0.173553624059 
1436828722536006963 
-0.173553624059 
1436828722545565598 
-0.174797970061 
1436828722557329483 
-0.174797970061 
1436828722569016123 
-0.175980578775 
1436828722578665636 
-0.175980578775 
1436828722590400487 
-0.176979245297 
1436828722601933220 
-0.176979245297 
1436828722611454055 
-0.17799319026 
1436828722623084058 
-0.17799319026 
1436828722634819580 
-0.179232633725 
1436828722647509709 
-0.179232633725 
1436828722659095183 
-0.180431982032 
1436828722670748663 
-0.180431982032 
1436828722683485727 
-0.181673371625 
1436828722695115256 
-0.181673371625 
1436828722706635790 
-0.182703597101 
1436828722719162291 
-0.182703597101 
1436828722730742354 
-0.184042072627 
1436828722743365144 
-0.184042072627 
1436828722754997008 
-0.184722837655 
1436828722764449927 
-0.184722837655 
1436828722776106947 
-0.185011110549 
1436828722787759466 
-0.185011110549 
1436828722800359045 
-0.185011110549 
1436828722808845671 
-0.185011110549 
1436828722821489889 
-0.185011110549 
1436828722833171354 
-0.185011110549 
1436828722842606835 
-0.185011110549 
1436828722854252594 
-0.185011110549 
1436828722865869079 
-0.185011110549 
1436828722878488114 
-0.185011110549 
1436828722890096369 
-0.185011110549 
1436828722901660434 
-0.185011110549 
1436828722914271216 
-0.185002175341 
1436828722925860524 
-0.185002175341 
1436828722935335273 
-0.185002175341 
1436828722946878897 
-0.185002175341 
1436828722959502835 
-0.185002175341 
1436828722971319704 
-0.185002175341 
1436828722983013182 
-0.185002175341 
1436828722997888200 
-0.185002175341 
1436828723007521206 
-0.185002175341 
1436828723019068768 
-0.185002175341 
1436828723030678594 
-0.185002175341 
1436828723043278311 
-0.185002175341 
1436828723054803483 
-0.185002175341 
1436828723064295585 
-0.185002175341 
1436828723075893694 
-0.185002175341 
1436828723085328148 
-0.185002175341 
1436828723096952961 
-0.185002175341 
1436828723109504536 
-0.185002175341 
1436828723121063789 
-0.185002175341 
1436828723133631156 
-0.185002175341 
1436828723145264294 
-0.185002175341 
1436828723156966101 
-0.185002175341 
1436828723166500154 
-0.185002175341 
1436828723195907057 
-0.185002175341 
1436828723213877259 
-0.185002175341 
1436828723241245353 
-0.185002175341 
1436828723252773310 
-0.185002175341 
1436828723262168112 
-0.185002175341 
1436828723273755473 
-0.185002175341 
1436828723286420199 
-0.184939344984 
1436828723297903850 
-0.184939344984 
1436828723310540587 
-0.184398916978 
1436828723322072451 
-0.184398916978 
1436828723333745581 
-0.183453883693 
1436828723346419469 
-0.183453883693 
1436828723361170611 
-0.182228092673 
1436828723372884547 
-0.182228092673 
1436828723382336173 
-0.181049149892 
1436828723393952604 
-0.181049149892 
1436828723406567845 
-0.179814363629 
1436828723418262953 
-0.179814363629 
1436828723429910052 
-0.178637221148 
1436828723439374883 
-0.178637221148 
1436828723450964164 
-0.177609894875 
1436828723460442578 
-0.177609894875 
1436828723472060359 
-0.176363132225 
1436828723483642216 
-0.176363132225 
1436828723496478284 
-0.175350349343 
1436828723504934662 
-0.175350349343 
1436828723517598054 
-0.174105546754 
1436828723529365612 
-0.174105546754 
1436828723541050665 
-0.172951753822 
1436828723552616883 
-0.172951753822 
1436828723565316344 
-0.171709038648 
1436828723577080753 
-0.171709038648 
1436828723588834024 
-0.17085211472 
1436828723601510525 
-0.17085211472 
1436828723613147003 
-0.170547028155 
1436828723624805401 
-0.170547028155 
1436828723637514405 
-0.171329147479 
1436828723649149956 
-0.171329147479 
1436828723660761054 
-0.172548737931 
1436828723670276341 
-0.172548737931 
1436828723681922079 
-0.173800706215 
1436828723694594553 
-0.173800706215 
1436828723706225612 
-0.174797970061 
1436828723717901405 
-0.174797970061 
1436828723730532637 
-0.175980578775 
1436828723742121130 
-0.175980578775 
1436828723751613480 
-0.177199540209 
1436828723763297334 
-0.177199540209 
1436828723774965159 
-0.178375472909 
1436828723784428989 
-0.178375472909 
1436828723796049156 
-0.179403341592 
1436828723807668921 
-0.179403341592 
1436828723820319037 
-0.180643893874 
1436828723831955016 
-0.180643893874 
1436828723844609205 
-0.181673371625 
1436828723856260973 
-0.181673371625 
1436828723868006843 
-0.182861684553 
1436828723879592817 
-0.182861684553 
1436828723892250370 
-0.184042072627 
1436828723904011009 
-0.184042072627 
1436828723921974048 
-0.184789960239 
1436828723931445668 
-0.184789960239 
1436828723943067722 
-0.185011110549 
1436828723952562574 
-0.185011110549 
1436828723964230543 
-0.185011110549 
1436828723975834284 
-0.185011110549 
1436828723988441520 
-0.185011110549 
1436828724000102364 
-0.185011110549 
1436828724014778705 
-0.185011110549 
1436828724024171030 
-0.185011110549 
1436828724038973067 
-0.185011110549 
1436828724048364002 
-0.185011110549 
1436828724059900575 
-0.185002175341 
1436828724072494267 
-0.185002175341 
1436828724084052241 
-0.185002175341 
1436828724098789611 
-0.185002175341 
1436828724108290128 
-0.185002175341 
1436828724123146053 
-0.185002175341 
1436828724132630668 
-0.185002175341 
1436828724144265456 
-0.185002175341 
1436828724158937537 
-0.185002175341 
1436828724168359214 
-0.185002175341 
1436828724179950264 
-0.185002175341 
1436828724189476551 
-0.185002175341 
1436828724201157330 
-0.185002175341 
1436828724212756838 
-0.185002175341 
1436828724222269505 
-0.185002175341 
1436828724233878914 
-0.185002175341 
1436828724246432086 
-0.185002175341 
1436828724254903186 
-0.185002175341 
1436828724267531009 
-0.185002175341 
1436828724279030730 
-0.185002175341 
1436828724291614507 
-0.185002175341 
1436828724303226100 
-0.185002175341 
1436828724314744376 
-0.185002175341 
1436828724327335891 
-0.185002175341 
1436828724353744560 
-0.185002175341 
1436828724368755135 
-0.185002175341 
1436828724381519223 
-0.185002175341 
1436828724393133411 
-0.185002175341 
1436828724404781415 
-0.185002175341 
1436828724417430937 
-0.185002175341 
1436828724429118876 
-0.185002175341 
1436828724438677197 
-0.184939344984 
1436828724450320883 
-0.184939344984 
1436828724461922100 
-0.184642154231 
1436828724473734920 
-0.184642154231 
1436828724486337703 
-0.18367489942 
1436828724497909410 
-0.18367489942 
1436828724510578798 
-0.182477055274 
1436828724522175746 
-0.182477055274 
1436828724533777817 
-0.181235030898 
1436828724546461745 
-0.181235030898 
1436828724558109383 
-0.180020149226 
1436828724569639381 
-0.180020149226 
1436828724582298969 
-0.179019656922 
1436828724593958471 
-0.179019656922 
1436828724606604310 
-0.177771702761 
1436828724618220067 
-0.177771702761 
1436828724629823233 
-0.176596237312 
1436828724642540949 
-0.176596237312 
1436828724654138710 
-0.175350349343 
1436828724663611593 
-0.175350349343 
1436828724675231671 
-0.174105546754 
1436828724686848492 
-0.174105546754 
1436828724699507964 
-0.172951753822 
1436828724711161190 
-0.172951753822 
1436828724720649681 
-0.171955695094 
1436828724732194315 
-0.171955695094 
1436828724743776602 
-0.17085211472 
1436828724756390375 
-0.17085211472 
1436828724767899723 
-0.170547028155 
1436828724780485875 
-0.170547028155 
1436828724792043489 
-0.171329147479 
1436828724803644127 
-0.171329147479 
1436828724816289736 
-0.172548737931 
1436828724827912597 
-0.172548737931 
1436828724840618639 
-0.173553624059 
1436828724852260032 
-0.173553624059 
1436828724863886543 
-0.174797970061 
1436828724873346529 
-0.174797970061 
1436828724884949851 
-0.175980578775 
1436828724897559330 
-0.175980578775 
1436828724909276050 
-0.177199540209 
1436828724920906235 
-0.177199540209 
1436828724933524828 
-0.178375472909 
1436828724945146934 
-0.178375472909 
1436828724956795346 
-0.179403341592 
1436828724969455660 
-0.179403341592 
1436828724981081728 
-0.180643893874 
1436828724992634140 
-0.180643893874 
1436828725005330811 
-0.181859396248 
1436828725017002795 
-0.181859396248 
1436828725029658670 
-0.183101933799 
1436828725038187320 
-0.183101933799 
1436828725049769663 
-0.184228594371 
1436828725062486501 
-0.184228594371 
1436828725074061737 
-0.1848527938 
1436828725083527077 
-0.1848527938 
1436828725098259014 
-0.185011110549 
1436828725109953691 
-0.185011110549 
1436828725122612270 
-0.185011110549 
1436828725134216741 
-0.185011110549 
1436828725145795998 
-0.185011110549 
1436828725155231836 
-0.185011110549 
1436828725166939751 
-0.185011110549 
1436828725178632657 
-0.185011110549 
1436828725191309395 
-0.185011110549 
1436828725199860752 
-0.185011110549 
1436828725212595635 
-0.185011110549 
1436828725223856344 
-0.185011110549 
1436828725233392899 
-0.185002175341 
1436828725245112387 
-0.185002175341 
1436828725256735702 
-0.185002175341 
1436828725269285293 
-0.185002175341 
1436828725280879528 
-0.185002175341 
1436828725293546302 
-0.185002175341 
1436828725305159289 
-0.185002175341 
1436828725314638767 
-0.185002175341 
1436828725326277915 
-0.185002175341 
1436828725337916487 
-0.185002175341 
1436828725350472452 
-0.185002175341 
1436828725362116683 
-0.185002175341 
1436828725373750628 
-0.185002175341 
1436828725386396471 
-0.185002175341 
1436828725398012134 
-0.185002175341 
1436828725407532187 
-0.185002175341 
1436828725419190986 
-0.185002175341 
1436828725430816486 
-0.185002175341 
1436828725440416555 
-0.185002175341 
1436828725452121745 
-0.185002175341 
1436828725463803527 
-0.185002175341 
1436828725476503946 
-0.185002175341 
1436828725488128175 
-0.185002175341 
1436828725512439662 
-0.185002175341 
1436828725551428997 
-0.185002175341 
1436828725563114527 
-0.185002175341 
1436828725574813201 
-0.185002175341 
1436828725587485012 
-0.185002175341 
1436828725599037687 
-0.184939344984 
1436828725608482812 
-0.184939344984 
1436828725623178376 
-0.184642154231 
1436828725632643579 
-0.184642154231 
1436828725644252312 
-0.18367489942 
1436828725655855969 
-0.18367489942 
1436828725665294663 
-0.182477055274 
1436828725676881052 
-0.182477055274 
1436828725689501181 
-0.181235030898 
1436828725697870320 
-0.181235030898 
1436828725710463258 
-0.180197058009 
1436828725722133090 
-0.180197058009 
1436828725736935191 
-0.179019656922 
1436828725746384918 
-0.179019656922 
1436828725758134762 
-0.177771702761 
1436828725773102712 
-0.177771702761 
1436828725782557449 
-0.176596237312 
1436828725794159765 
-0.176596237312 
1436828725805774186 
-0.175350349343 
1436828725818351402 
-0.175350349343 
1436828725826997787 
-0.17435274627 
1436828725839632224 
-0.17435274627 
1436828725851199782 
-0.173108763306 
1436828725862939481 
-0.173108763306 
1436828725875582918 
-0.171955695094 
1436828725887211143 
-0.171955695094 
1436828725901856822 
-0.17085211472 
1436828725911293351 
-0.17085211472 
1436828725926037344 
-0.170547028155 
1436828725935601956 
-0.170547028155 
1436828725947383793 
-0.171329147479 
1436828725962504035 
-0.171329147479 
1436828725974267746 
-0.172328966558 
1436828725985878524 
-0.172328966558 
1436828725995360040 
-0.173553624059 
1436828726010081254 
-0.173553624059 
1436828726019511541 
-0.174797970061 
1436828726031038101 
-0.174797970061 
1436828726043600436 
-0.175980578775 
1436828726052039056 
-0.175980578775 
1436828726064613133 
-0.177199540209 
1436828726076321480 
-0.177199540209 
1436828726084781303 
-0.178226546712 
1436828726097409614 
-0.178226546712 
1436828726109029806 
-0.179403341592 
1436828726118497860 
-0.179403341592 
1436828726130026645 
-0.180431982032 
1436828726142687458 
-0.180431982032 
1436828726154336452 
-0.181673371625 
1436828726165907455 
-0.181673371625 
1436828726178477048 
-0.182861684553 
1436828726190071631 
-0.182861684553 
1436828726202677040 
-0.184042072627 
1436828726214323308 
-0.184042072627 
1436828726225900687 
-0.184722837655 
1436828726238502673 
-0.184722837655 
1436828726250018736 
-0.185011110549 
1436828726262605927 
-0.185011110549 
1436828726274199944 
-0.185011110549 
1436828726285781970 
-0.185011110549 
1436828726298528760 
-0.185011110549 
1436828726306931454 
-0.185011110549 
1436828726319528178 
-0.185011110549 
1436828726331011097 
-0.185011110549 
1436828726340463472 
-0.185011110549 
1436828726352090395 
-0.185011110549 
1436828726363659753 
-0.185011110549 
1436828726376248721 
-0.185011110549 
1436828726387801350 
-0.185002175341 
1436828726397297319 
-0.185002175341 
1436828726409046972 
-0.185002175341 
1436828726421662037 
-0.185002175341 
1436828726433313056 
-0.185002175341 
1436828726444936368 
-0.185002175341 
1436828726457591034 
-0.185002175341 
1436828726469214539 
-0.185002175341 
1436828726478657463 
-0.185002175341 
1436828726493439082 
-0.185002175341 
1436828726505113454 
-0.185002175341 
1436828726514577798 
-0.185002175341 
1436828726526249878 
-0.185002175341 
1436828726541051744 
-0.185002175341 
1436828726550455287 
-0.185002175341 
1436828726562202141 
-0.185002175341 
1436828726573767640 
-0.185002175341 
1436828726586344967 
-0.185002175341 
1436828726594797074 
-0.185002175341 
1436828726607425251 
-0.185002175341 
1436828726619120196 
-0.185002175341 
1436828726628662658 
-0.185002175341 
1436828726643502812 
-0.185002175341 
1436828726666799001 
-0.185002175341 
1436828726684870959 
-0.185002175341 
1436828726697570996 
-0.185002175341 
1436828726709225050 
-0.185002175341 
1436828726720784605 
-0.185002175341 
1436828726738620598 
-0.185002175341 
1436828726751253166 
-0.185002175341 
1436828726762868995 
-0.184876508993 
1436828726775508241 
-0.184876508993 
1436828726787106876 
-0.184240656411 
1436828726798736341 
-0.184240656411 
1436828726811326508 
-0.183046568295 
1436828726822940170 
-0.183046568295 
1436828726832410535 
-0.181844977844 
1436828726844006514 
-0.181844977844 
1436828726856619485 
-0.180843313403 
1436828726868245217 
-0.180843313403 
1436828726879857540 
-0.179637518284 
1436828726892464467 
-0.179637518284 
1436828726904131714 
-0.178389073578 
1436828726915681731 
-0.178389073578 
1436828726928281020 
-0.177204496704 
1436828726939862940 
-0.177204496704 
1436828726952558530 
-0.175966733378 
1436828726964137421 
-0.175966733378 
1436828726975757573 
-0.174968747617 
1436828726988442623 
-0.174968747617 
1436828727000099903 
-0.173709827663 
1436828727011794753 
-0.173709827663 
1436828727024404345 
-0.172493539665 
1436828727035956328 
-0.172493539665 
1436828727045375614 
-0.171340942806 
1436828727056896007 
-0.171340942806 
1436828727069550865 
-0.170327262432 
1436828727078000187 
-0.170327262432 
1436828727090592992 
-0.16986436037 
1436828727102139296 
-0.16986436037 
1436828727113667930 
-0.169507734531 
1436828727126372913 
-0.169507734531 
1436828727138044700 
-0.169226122165 
1436828727150627954 
-0.169226122165 
1436828727162249881 
-0.168893765915 
1436828727173819680 
-0.168893765915 
1436828727186466508 
-0.168662605567 
1436828727198075020 
-0.168662605567 
1436828727209599962 
-0.168360662689 
1436828727222154762 
-0.168360662689 
1436828727233770166 
-0.168186410108 
1436828727243257001 
-0.168186410108 
1436828727254829314 
-0.167872225653 
1436828727267468579 
-0.167872225653 
1436828727279123483 
-0.167569136335 
1436828727291013584 
-0.167569136335 
1436828727303621279 
-0.167314326406 
1436828727315239486 
-0.167314326406 
1436828727326835289 
-0.16699385314 
1436828727339503434 
-0.16699385314 
1436828727351070946 
-0.166784908189 
1436828727362731336 
-0.166784908189 
1436828727375499803 
-0.166460618628 
1436828727387119713 
-0.166460618628 
1436828727398868223 
-0.166142339818 
1436828727411506526 
-0.166142339818 
1436828727423162563 
-0.165890531847 
1436828727434892628 
-0.165890531847 
1436828727444386483 
-0.165568069151 
1436828727456081758 
-0.165568069151 
1436828727465527043 
-0.165383681741 
1436828727477017676 
-0.165383681741 
1436828727489615280 
-0.16502440088 
1436828727501165573 
-0.16502440088 
1436828727512807246 
-0.164696065756 
1436828727525366834 
-0.164696065756 
1436828727536891074 
-0.164442156522 
1436828727549542496 
-0.164442156522 
1436828727561228766 
-0.164109689757 
1436828727572930227 
-0.164109689757 
1436828727585580805 
-0.163843701194 
1436828727597166881 
-0.163843701194 
1436828727608842391 
-0.163547750312 
1436828727618336186 
-0.163547750312 
1436828727629972666 
-0.163274284513 
1436828727641667441 
-0.163274284513 
1436828727654371998 
-0.162934113907 
1436828727666075678 
-0.162934113907 
1436828727677846863 
-0.162571451348 
1436828727690503506 
-0.162571451348 
1436828727702079014 
-0.162292283973 
1436828727713791105 
-0.162292283973 
1436828727726532130 
-0.161988398518 
1436828727738149305 
-0.161988398518 
1436828727749779184 
-0.161716900257 
1436828727762475629 
-0.161716900257 
1436828727774234905 
-0.161367164663 
1436828727785853626 
-0.161367164663 
1436828727795298089 
-0.161073007729 
1436828727806832454 
-0.161073007729 
1436828727819485443 
-0.160730222071 
1436828727827877994 
-0.160730222071 
1436828727840508456 
-0.160483796263 
1436828727852098780 
-0.160483796263 
1436828727863614232 
-0.160126620145 
1436828727876223028 
-0.160126620145 
1436828727887932820 
-0.159744372845 
1436828727900551317 
-0.159744372845 
1436828727912241366 
-0.159459455797 
1436828727923864125 
-0.159459455797 
1436828727936417231 
-0.159088955372 
1436828727947987982 
-0.159088955372 
1436828727960594595 
-0.158789942585 
1436828727972168645 
-0.158789942585 
1436828727983746746 
-0.158468958478 
1436828727993261362 
-0.158468958478 
1436828728004946081 
-0.158154036122 
1436828728017612166 
-0.158154036122 
1436828728029184382 
-0.157784028287 
1436828728040789911 
-0.157784028287 
1436828728053370626 
-0.157478169109 
1436828728064873620 
-0.157478169109 
1436828728077471417 
-0.157104475758 
1436828728089056388 
-0.157104475758 
1436828728100610000 
-0.156851829887 
1436828728113262599 
-0.156851829887 
1436828728124838853 
-0.156474696468 
1436828728137552448 
-0.156474696468 
1436828728149161632 
-0.156154573298 
1436828728160797933 
-0.156154573298 
1436828728173384663 
-0.155751927808 
1436828728181791901 
-0.155751927808 
1436828728194374130 
-0.155445110618 
1436828728206058304 
-0.155445110618 
1436828728215591483 
-0.155109410578 
1436828728227199019 
-0.155109410578 
1436828728238797482 
-0.154790125049 
1436828728251396943 
-0.154790125049 
1436828728262972138 
-0.154402564317 
1436828728275625185 
-0.154402564317 
1436828728287255617 
-0.154079867678 
1436828728298898362 
-0.154079867678 
1436828728311483315 
-0.153676231409 
1436828728323075017 
-0.153676231409 
1436828728334629822 
-0.153283376947 
1436828728344046305 
-0.153283376947 
1436828728355624110 
-0.153005941765 
1436828728368326038 
-0.153005941765 
1436828728380033741 
-0.152676810968 
1436828728391638146 
-0.152676810968 
1436828728404261598 
-0.152279092608 
1436828728415798010 
-0.152279092608 
1436828728428358232 
-0.151867114594 
1436828728439938714 
-0.151867114594 
1436828728451633145 
-0.151540168463 
1436828728464248949 
-0.151540168463 
1436828728475814838 
-0.15118188867 
1436828728488403466 
-0.15118188867 
1436828728500001496 
-0.150851918069 
1436828728511747072 
-0.150851918069 
1436828728524432252 
-0.150445960342 
1436828728536063491 
-0.150445960342 
1436828728547754986 
-0.150085286838 
1436828728557363083 
-0.150085286838 
1436828728568973990 
-0.149683847824 
1436828728580635330 
-0.149683847824 
1436828728593356448 
-0.149340293265 
1436828728604962675 
-0.149340293265 
1436828728616637102 
-0.149048564089 
1436828728629479978 
-0.149048564089 
1436828728641104846 
-0.148634658974 
1436828728650643732 
-0.148634658974 
1436828728662334707 
-0.148286660892 
1436828728673905217 
-0.148286660892 
1436828728686550676 
-0.147849785967 
1436828728698178228 
-0.147849785967 
1436828728709788327 
-0.147498762896 
1436828728722429906 
-0.147498762896 
1436828728734040452 
-0.147133206142 
1436828728743528068 
-0.147133206142 
1436828728755259169 
-0.14678641455 
1436828728766950006 
-0.14678641455 
1436828728779659082 
-0.146363158663 
1436828728791222799 
-0.146363158663 
1436828728802795929 
-0.145986935035 
1436828728815476361 
-0.145986935035 
1436828728827123123 
-0.145560641371 
1436828728838786695 
-0.145560641371 
1436828728851525345 
-0.145256723039 
1436828728863064270 
-0.145256723039 
1436828728874633020 
-0.144827592239 
1436828728887231836 
-0.144827592239 
1436828728898788426 
-0.144464949065 
1436828728911402487 
-0.144464949065 
1436828728923040160 
-0.144020768977 
1436828728932539645 
-0.144020768977 
1436828728944065539 
-0.143654862445 
1436828728956613576 
-0.143654862445 
1436828728968340995 
-0.143226367887 
1436828728979962710 
-0.143226367887 
1436828728992615721 
-0.142915359667 
1436828729004340927 
-0.142915359667 
1436828729015915914 
-0.142545660971 
1436828729025488601 
-0.142545660971 
1436828729037095104 
-0.142087952147 
1436828729048621172 
-0.142087952147 
1436828729061247208 
-0.141715479009 
1436828729072983918 
-0.141715479009 
1436828729085579544 
-0.141273196115 
1436828729097145752 
-0.141273196115 
1436828729108757981 
-0.140956607852 
1436828729121502277 
-0.140956607852 
1436828729129927857 
-0.140511671883 
1436828729142702127 
-0.140511671883 
1436828729154453555 
-0.140133809031 
1436828729166100564 
-0.140133809031 
1436828729175636120 
-0.139813994167 
1436828729187432073 
-0.139813994167 
1436828729199113229 
-0.139347426261 
1436828729210725023 
-0.139347426261 
