1436828708309848898 
0.009695 
0.186324 
1436828708319874057 
0.061595 
0.099058 
1436828708329897532 
0.018994 
0.009133 
1436828708339902566 
-0.04556 
0.110367 
1436828708349919277 
0.003368 
0.137764 
1436828708359937916 
0.019304 
0.130809 
1436828708369952188 
-0.013177 
0.071389 
1436828708379824310 
-0.035386 
0.075407 
1436828708389868764 
-0.003666 
0.200571 
1436828708399854461 
0.009382 
0.043556 
1436828708409875322 
-0.00938 
0.037933 
1436828708419893200 
-0.023847 
0.154565 
1436828708429893602 
0.005644 
0.104096 
1436828708439926003 
0.004418 
0.118252 
1436828708449944611 
0.012132 
0.063638 
1436828708459820367 
-0.007283 
0.108063 
1436828708469834213 
0.016693 
0.142923 
1436828708479854215 
0.005626 
0.048255 
1436828708489885604 
-0.03445 
-0.000143 
1436828708499888961 
-0.0259 
0.130603 
1436828708509905422 
0.010572 
0.07538 
1436828708519925970 
-0.014552 
0.138127 
1436828708529941793 
0.008324 
0.096122 
1436828708539812688 
-0.024308 
0.071977 
1436828708549831021 
-0.05588 
0.113703 
1436828708559845035 
-0.038868 
0.03073 
1436828708569861669 
-0.044269 
0.015562 
1436828708579885635 
-0.033189 
0.073768 
1436828708589888722 
0.038263 
0.088997 
1436828708599888581 
-0.055203 
0.09069 
1436828708609927517 
0.005072 
0.196838 
1436828708619935518 
0.004496 
0.026172 
1436828708629959642 
-0.049579 
0.089883 
1436828708639825286 
0.052686 
0.167483 
1436828708649838709 
0.049289 
0.100371 
1436828708659853168 
-0.03954 
0.116876 
1436828708669871472 
-0.067738 
0.117924 
1436828708679917705 
0.041977 
0.180902 
1436828708689898100 
0.071735 
0.139505 
1436828708699916463 
-0.053845 
-0.023517 
1436828708709931536 
-0.08309 
0.128244 
1436828708719805462 
0.034977 
0.172873 
1436828708729820275 
0.048472 
0.099318 
1436828708739837313 
-0.008952 
0.092609 
1436828708749852027 
-0.089148 
0.031791 
1436828708759880115 
-0.086041 
0.044508 
1436828708769885120 
0.027551 
0.135408 
1436828708779903932 
0.049252 
0.150611 
1436828708789910171 
0.07382 
0.162735 
1436828708799934258 
0.009398 
0.007212 
1436828708809952815 
-0.123 
-0.057938 
1436828708819914260 
-0.093859 
0.138598 
1436828708829840828 
0.00881 
0.143253 
1436828708839831658 
0.043765 
0.086038 
1436828708849871745 
0.023899 
0.134589 
1436828708859878197 
-0.037836 
0.137256 
1436828708869935801 
-0.074352 
0.063706 
1436828708879907045 
-0.028642 
0.118261 
1436828708889932842 
-0.013215 
0.084048 
1436828708899939927 
-0.007228 
0.174194 
1436828708909822452 
-0.021743 
0.091556 
1436828708919829811 
-0.048032 
0.02481 
1436828708929828764 
-0.025051 
0.118688 
1436828708939858986 
-0.050455 
0.080921 
1436828708949890696 
-0.013061 
0.130158 
1436828708959907546 
-0.019929 
0.074754 
1436828708969919706 
-0.009011 
0.059944 
1436828708979927485 
-0.010087 
0.123133 
1436828708989944204 
0.012104 
0.152941 
1436828709001665763 
0.013905 
0.080765 
1436828709009846645 
-0.073601 
0.103134 
1436828709019854280 
-0.004296 
0.078912 
1436828709029881603 
-0.047801 
0.097434 
1436828709039907907 
-0.002358 
0.102619 
1436828709049904434 
0.033373 
0.098226 
1436828709059917362 
-0.073188 
0.096451 
1436828709069949022 
-0.039205 
0.082786 
1436828709079810562 
0.053788 
0.148564 
1436828709089835232 
0.044547 
0.092407 
1436828709099847938 
-0.048262 
0.070788 
1436828709109862327 
-0.150767 
-0.040767 
1436828709119901035 
-0.006829 
0.162811 
1436828709129897493 
0.078536 
0.212024 
1436828709139925826 
0.033567 
0.113399 
1436828709149937069 
-0.00417 
0.122283 
1436828709159942774 
-0.092221 
0.111977 
1436828709169832497 
0.027663 
0.202768 
1436828709179839840 
0.072989 
0.160465 
1436828709189854030 
0.026672 
0.118946 
1436828709199878866 
-0.041116 
0.096047 
1436828709209887301 
-0.077359 
0.041861 
1436828709219893513 
-0.030584 
0.08267 
1436828709229924927 
0.053494 
0.219927 
1436828709239948568 
0.019826 
0.079791 
1436828709249820164 
-0.028113 
0.073623 
1436828709259825266 
-0.006562 
0.121714 
1436828709269839776 
-0.067303 
0.070993 
1436828709279856777 
-0.085139 
0.051953 
1436828709289873412 
-0.013337 
0.123455 
1436828709299889281 
0.02087 
0.159379 
1436828709309907937 
0.076437 
0.181819 
1436828709319920768 
-0.015155 
0.082571 
1436828709329948491 
-0.078811 
0.008602 
1436828709339955885 
-0.042255 
0.097782 
1436828709349830646 
-0.023807 
0.162147 
1436828709359861782 
0.037309 
0.103481 
1436828709369863621 
0.054356 
0.195646 
1436828709379879586 
0.012822 
0.172911 
1436828709389896139 
-0.020249 
0.122063 
1436828709399910960 
-0.05502 
0.085782 
1436828709409920466 
-0.053592 
0.107456 
1436828709419951009 
0.021392 
0.184929 
1436828709429834214 
0.026404 
0.124148 
1436828709439840238 
0.035227 
0.126964 
1436828709449854471 
0.021231 
0.197751 
1436828709459872944 
0.006031 
0.117892 
1436828709469888613 
-0.011972 
0.117931 
1436828709479907086 
0.019914 
0.14938 
1436828709489921466 
0.004861 
0.115375 
1436828709499947063 
-0.017564 
0.083818 
1436828709509954911 
-0.00213 
0.163115 
1436828709519827345 
-0.019542 
0.122739 
1436828709529844121 
0.014019 
0.082021 
1436828709539859156 
-0.00958 
0.099228 
1436828709549880792 
-0.011544 
0.174037 
1436828709559896345 
-0.041352 
0.020961 
1436828709570060542 
-0.017383 
0.055648 
1436828709579786945 
-0.049365 
0.082412 
1436828709589817806 
-0.033687 
0.089785 
1436828709599824008 
-0.069454 
0.037611 
1436828709609831128 
-0.019554 
0.111377 
1436828709619856863 
-0.022487 
0.12068 
1436828709629872110 
-0.04959 
0.051305 
1436828709639885600 
-0.030823 
0.077755 
1436828709649914598 
-0.007026 
0.185492 
1436828709659923292 
-0.001948 
0.06274 
1436828709669944739 
-0.005503 
0.100436 
1436828709679816165 
-0.024976 
0.161145 
1436828709689828595 
-0.029532 
0.103293 
1436828709699848647 
-0.017816 
0.097217 
1436828709709862138 
9.4e-05 
0.101993 
1436828709719837031 
-0.024192 
0.074987 
1436828709729898068 
0.057502 
0.126896 
1436828709739915102 
-0.033135 
0.113419 
1436828709749931832 
-0.024864 
0.108509 
1436828709759809137 
0.033823 
0.149691 
1436828709769843841 
-0.019848 
0.11515 
1436828709779845019 
-0.073931 
0.085851 
1436828709789858477 
-0.021209 
0.183607 
1436828709799890536 
0.077394 
0.234345 
1436828709809891259 
0.098986 
0.173771 
1436828709819909813 
-0.000148 
0.087208 
1436828709829915131 
-0.078295 
0.104197 
1436828709839819724 
-0.077808 
0.131114 
1436828709849816231 
0.012644 
0.143359 
1436828709859836604 
0.064409 
0.166433 
1436828709869853348 
0.071347 
0.174135 
1436828709879881172 
-0.040254 
0.132289 
1436828709889890736 
-0.069231 
0.115895 
1436828709899904492 
0.002654 
0.173293 
1436828709909925142 
0.050725 
0.155703 
1436828709919937206 
0.004307 
0.066827 
1436828709929823350 
-0.086523 
0.019662 
1436828709939828529 
-0.092636 
0.079323 
1436828709949841216 
-0.018156 
0.144128 
1436828709959856240 
0.040612 
0.089299 
1436828709969875409 
0.010915 
0.105757 
1436828709979905495 
-0.071989 
0.085031 
1436828709989912856 
-0.066475 
0.016217 
1436828709999932786 
-0.067339 
0.119803 
1436828710009940772 
0.034434 
0.074297 
1436828710019815391 
0.074289 
0.17518 
1436828710029843252 
-0.003408 
0.158908 
1436828710039846659 
-0.073583 
0.088899 
1436828710049870037 
-0.045214 
0.062682 
1436828710059880069 
0.04816 
0.192613 
1436828710069896932 
0.067679 
0.150682 
1436828710079913736 
-0.041083 
0.0356 
1436828710089937633 
-0.107865 
0.101537 
1436828710099819046 
-0.023921 
0.118923 
1436828710109820534 
-0.026059 
0.035235 
1436828710119839644 
0.015415 
0.194588 
1436828710129857543 
0.051477 
0.168668 
1436828710139871247 
-0.033095 
0.037493 
1436828710149903434 
-0.070203 
0.096735 
1436828710159913061 
-0.086334 
0.025457 
1436828710169930900 
-0.081521 
0.028004 
1436828710179939205 
1.5e-05 
0.170404 
1436828710189848637 
0.009662 
0.099266 
1436828710199838705 
-0.02506 
0.116606 
1436828710209857874 
-0.032857 
0.132393 
1436828710219874393 
0.025099 
0.114977 
1436828710229883048 
0.024901 
0.091167 
1436828710239914397 
-0.002688 
0.136965 
1436828710249922236 
-0.005743 
0.184649 
1436828710259948628 
-0.004073 
0.13442 
1436828710269955573 
-0.026932 
0.151509 
1436828710279848324 
0.001043 
0.143689 
1436828710289844559 
-0.029549 
0.134641 
1436828710299860896 
-0.045299 
0.087723 
1436828710309836564 
-0.056632 
0.043516 
1436828710319903519 
-0.029201 
0.089125 
1436828710329887896 
-0.004158 
0.118952 
1436828710339930243 
-0.033899 
0.080865 
1436828710349931812 
-0.023388 
0.131869 
1436828710359973850 
0.008256 
0.116938 
1436828710369817234 
0.033789 
0.153492 
1436828710379855827 
-0.023993 
0.130641 
1436828710389872734 
0.00747 
0.146996 
1436828710399886736 
-0.002507 
0.173715 
1436828710409913430 
-0.032725 
0.093922 
1436828710419923609 
-0.041297 
0.121901 
1436828710429939101 
-0.066485 
0.094079 
1436828710439814012 
0.006395 
0.110621 
1436828710449830534 
-0.042694 
0.080968 
1436828710459854799 
0.027785 
0.167852 
1436828710469863985 
0.030464 
0.12423 
1436828710479879098 
0.001848 
0.192629 
1436828710489910684 
0.022526 
0.166373 
1436828710499915225 
-0.029722 
0.146494 
1436828710509940988 
-0.046722 
0.119201 
1436828710519820361 
-0.014385 
0.155453 
1436828710529823660 
-0.073275 
0.011932 
1436828710539840894 
-0.010996 
0.11646 
1436828710549863428 
0.017039 
0.174115 
1436828710559865551 
0.003758 
0.104649 
1436828710569887209 
-0.072614 
0.067724 
1436828710579913310 
-0.062889 
0.063501 
1436828710589920008 
0.042365 
0.235951 
1436828710599949705 
0.051576 
0.184204 
1436828710609959429 
0.022658 
0.078141 
1436828710619827192 
-0.143507 
0.083312 
1436828710629838978 
-0.068642 
0.104477 
1436828710639852151 
0.025696 
0.096611 
1436828710649871320 
0.079488 
0.201552 
1436828710659884651 
0.06364 
0.160596 
1436828710669899891 
0.008593 
0.156218 
1436828710679893549 
-0.061136 
0.111935 
1436828710689922696 
-0.062233 
0.116071 
1436828710699818034 
-0.004812 
0.114142 
1436828710709825435 
0.041551 
0.146634 
1436828710719840688 
-0.031242 
0.098775 
1436828710729858369 
-0.074447 
0.074889 
1436828710739885101 
-0.07487 
0.058444 
1436828710749892708 
0.005663 
0.20757 
1436828710759907341 
0.089313 
0.177153 
1436828710769920264 
0.008013 
0.091324 
1436828710779938779 
-0.058651 
0.066251 
1436828710789834696 
-0.130421 
0.009072 
1436828710799830932 
-0.072957 
0.080631 
1436828710809845910 
0.031549 
0.144419 
1436828710819859076 
0.06987 
0.164898 
1436828710829874716 
0.044081 
0.111033 
1436828710839894423 
-0.07089 
0.111947 
1436828710849910627 
-0.085106 
0.077349 
1436828710859928494 
0.02143 
0.153726 
1436828710869949796 
0.064567 
0.111477 
1436828710879824065 
-0.003318 
0.140043 
1436828710889845311 
-0.059269 
0.080864 
1436828710899851407 
-0.073257 
0.074949 
1436828710909867061 
-0.013078 
0.142186 
1436828710919887526 
0.00417 
0.124566 
1436828710929914352 
-0.015288 
0.160066 
1436828710939917238 
-0.038287 
0.090028 
1436828710949928783 
-0.055415 
0.065003 
1436828710959814179 
-0.047495 
0.076217 
1436828710969974505 
-0.030544 
0.062074 
1436828710979984465 
0.018912 
0.175065 
1436828710989863068 
0.02802 
0.124081 
1436828710999874265 
-0.017394 
0.1172 
1436828711009889473 
-0.029229 
0.113191 
1436828711019906570 
-0.017094 
0.134639 
1436828711029923743 
-0.023626 
0.107609 
1436828711039906932 
-0.062825 
-0.016906 
1436828711049816285 
-0.037929 
0.088639 
1436828711059833497 
-0.046268 
0.11658 
1436828711069851358 
0.012128 
0.146809 
1436828711079884467 
-0.049134 
0.139967 
1436828711089886745 
-0.004063 
0.036547 
1436828711099897538 
-0.011265 
0.159572 
1436828711109923372 
-0.068478 
0.047068 
1436828711119940113 
-0.0023 
0.109741 
1436828711129957456 
-0.032405 
0.132581 
1436828711139832222 
-0.01517 
0.115906 
1436828711149848987 
-0.017735 
0.153695 
1436828711159866989 
-0.029273 
0.1059 
1436828711169893275 
0.02288 
0.152076 
1436828711179911625 
0.014563 
0.116326 
1436828711189915193 
-0.022576 
0.099062 
1436828711199812454 
-0.00878 
0.122407 
1436828711209817621 
-0.004679 
0.130499 
1436828711219832511 
0.015246 
0.183101 
1436828711229852050 
-0.006725 
0.136898 
1436828711239869651 
0.000459 
0.166914 
1436828711249885160 
-0.0102 
0.132849 
1436828711259909550 
-0.038794 
0.08103 
1436828711269910314 
0.018587 
0.192043 
1436828711279939763 
0.079122 
0.229583 
1436828711289899743 
0.040518 
0.112322 
1436828711299825257 
-0.119157 
0.036813 
1436828711309849957 
-0.050537 
0.13479 
1436828711319859454 
0.046337 
0.099808 
1436828711329875486 
-0.034442 
0.096458 
1436828711339894504 
-0.095971 
0.071814 
1436828711349902014 
0.028414 
0.149703 
1436828711359892482 
0.045083 
0.157424 
1436828711369888057 
0.024507 
0.137598 
1436828711379807149 
-0.130613 
0.0312 
1436828711389834455 
-0.06021 
0.101183 
1436828711399842221 
0.026746 
0.161612 
1436828711410031510 
0.03482 
0.158798 
1436828711419874301 
-0.081796 
0.068827 
1436828711429853683 
0.010496 
0.090675 
1436828711439858797 
0.025685 
0.192203 
1436828711449939429 
-0.057353 
0.096274 
1436828711459804006 
-0.025137 
0.086465 
1436828711469818969 
0.027765 
0.110853 
1436828711479844367 
0.070084 
0.196284 
1436828711489854949 
-0.011204 
0.102633 
1436828711499857105 
-0.087737 
0.067202 
1436828711509876023 
-0.029343 
0.132196 
1436828711519900798 
0.011832 
0.124457 
1436828711529884709 
-0.030324 
0.066876 
1436828711539932539 
0.023047 
0.177119 
1436828711549953897 
0.025155 
0.168906 
1436828711559830581 
-0.032614 
0.130667 
1436828711569852734 
-0.094132 
0.044709 
1436828711579853599 
0.02528 
0.132528 
1436828711589876489 
0.07916 
0.175304 
1436828711599865352 
0.029498 
0.134644 
1436828711609814113 
-0.064307 
0.097159 
1436828711619934240 
-0.033583 
0.067707 
1436828711629829638 
-0.006295 
0.18218 
1436828711639824798 
0.001813 
0.146298 
1436828711649850129 
-0.023028 
0.115257 
1436828711659842488 
0.013173 
0.144766 
1436828711669863221 
-0.055406 
0.141274 
1436828711679848808 
-0.014514 
0.06877 
1436828711689915708 
-0.014346 
0.053814 
1436828711700105181 
0.005107 
0.193477 
1436828711709817249 
-0.081673 
0.048257 
1436828711719822981 
-0.048665 
0.119956 
1436828711729952282 
-0.03767 
0.120887 
1436828711739848974 
-0.027176 
0.070372 
1436828711749853152 
0.045599 
0.215793 
1436828711759839151 
0.037671 
0.172915 
1436828711769924057 
-0.0285 
0.178683 
1436828711779933437 
-0.101007 
0.099339 
1436828711789809041 
0.05635 
0.153684 
1436828711799836497 
0.000134 
0.176886 
1436828711813959182 
0.069269 
0.154264 
1436828711819846522 
0.01089 
0.096247 
1436828711829850482 
0.016196 
0.200155 
1436828711839846381 
-0.003087 
0.14159 
1436828711849917732 
-0.029663 
0.091745 
1436828711859933869 
0.003695 
0.149537 
1436828711869821628 
-0.030168 
0.158066 
1436828711879827179 
-0.006324 
0.065986 
1436828711889842919 
-0.047379 
0.152125 
1436828711899866479 
-0.027896 
0.135379 
1436828711909854316 
-0.046539 
0.069541 
1436828711919866695 
-0.019953 
0.141628 
1436828711929854868 
-0.019736 
0.138545 
1436828711939869305 
-0.023318 
0.129465 
1436828711949943391 
-0.031249 
0.113851 
1436828711959826699 
-0.013545 
0.103309 
1436828711969828805 
-0.066275 
0.104038 
1436828711979847347 
-0.021423 
0.15858 
1436828711989862378 
-0.015514 
0.155204 
1436828711999878291 
-0.042342 
0.095268 
1436828712009891927 
-0.01493 
0.143971 
1436828712019906416 
-0.064723 
0.17469 
1436828712029924315 
0.008791 
0.109965 
1436828712039938062 
-0.036621 
0.135375 
1436828712049830051 
-0.082398 
0.149056 
1436828712059827428 
0.051742 
0.110733 
1436828712069852474 
0.248395 
0.148371 
1436828712079868792 
0.142537 
0.203883 
1436828712089874273 
0.122988 
0.185276 
1436828712099896192 
0.08441 
0.078564 
1436828712109906733 
-0.015633 
0.190849 
1436828712119932042 
-0.061643 
0.201243 
1436828712129940326 
-0.008645 
0.125905 
1436828712139813025 
-0.063293 
0.075899 
1436828712149817055 
-0.050004 
0.127122 
1436828712159848613 
0.042573 
0.133701 
1436828712169852590 
0.000394 
0.135744 
1436828712179884882 
-0.004582 
0.19336 
1436828712189909432 
-0.00049 
0.066003 
1436828712199923696 
-0.025002 
0.118005 
1436828712209936834 
0.00867 
0.114309 
1436828712219815147 
0.084334 
0.131719 
1436828712229834830 
0.010261 
0.126635 
1436828712239834908 
-0.004602 
0.114241 
1436828712249872169 
0.031725 
0.106989 
1436828712259889264 
0.015352 
0.126001 
1436828712269861298 
-0.017113 
0.10276 
1436828712279902652 
0.041737 
0.145076 
1436828712289929112 
-0.009185 
0.117527 
1436828712299936597 
0.041401 
0.100819 
1436828712309815658 
0.012384 
0.199429 
1436828712319950275 
0.018782 
0.158818 
1436828712329848254 
0.036439 
0.195499 
1436828712339869999 
-0.016115 
0.117359 
1436828712349869104 
0.011877 
0.137262 
1436828712359897039 
0.015002 
0.08213 
1436828712369925275 
-0.002191 
0.17423 
1436828712379936087 
0.028921 
0.10604 
1436828712389954799 
0.010091 
0.110329 
1436828712399960182 
0.007891 
0.12835 
1436828712409840791 
0.036987 
0.082844 
1436828712419854610 
0.037362 
0.107484 
1436828712429868980 
0.0296 
0.112598 
1436828712439889820 
0.039349 
0.121992 
1436828712449902196 
0.010354 
0.101449 
1436828712459916463 
0.025364 
0.130381 
1436828712469956423 
0.095996 
0.110429 
1436828712479819066 
0.054041 
0.136598 
1436828712489836530 
0.074793 
0.089997 
1436828712499842150 
0.01778 
0.110365 
1436828712509869287 
0.036796 
0.114989 
1436828712519892399 
0.037309 
0.13437 
1436828712529908445 
0.0668 
0.15733 
1436828712539923849 
0.036927 
0.174993 
1436828712549934442 
0.050644 
0.19464 
1436828712559821608 
0.008385 
0.142099 
1436828712569838485 
0.025696 
0.154781 
1436828712579841943 
0.046927 
0.126016 
1436828712589865252 
0.036943 
0.106641 
1436828712599866968 
0.013901 
0.071379 
1436828712609882423 
0.033837 
0.095803 
1436828712619902176 
0.070767 
0.154236 
1436828712629922286 
0.083568 
0.114456 
1436828712639939746 
0.056055 
0.126457 
1436828712649944517 
0.044645 
0.154769 
1436828712659817799 
0.0728 
0.102451 
1436828712669842697 
0.067475 
0.118273 
1436828712679810041 
0.078272 
0.114562 
1436828712689870004 
0.053116 
0.159458 
1436828712699878554 
0.05987 
0.114592 
1436828712709893759 
0.070781 
0.130827 
1436828712719909357 
0.021702 
0.073672 
1436828712729933100 
0.037379 
0.144432 
1436828712739943781 
0.025034 
0.155814 
1436828712749818281 
0.047716 
0.165238 
1436828712759845172 
0.068432 
0.171468 
1436828712769848844 
0.055567 
0.144679 
1436828712779866764 
0.058013 
0.179582 
1436828712789882643 
-0.006502 
0.117292 
1436828712799897333 
0.039087 
0.088729 
1436828712809922482 
0.085367 
0.158837 
1436828712819929036 
0.094728 
0.081985 
1436828712829944984 
0.080286 
0.118651 
1436828712839828060 
0.06132 
0.18691 
1436828712849834600 
0.074969 
0.109108 
1436828712859860190 
0.082151 
0.094942 
1436828712869870274 
0.105841 
0.105391 
1436828712879900543 
0.056614 
0.156949 
1436828712889902277 
0.045125 
0.101348 
1436828712899919944 
0.064313 
0.145874 
1436828712909936145 
0.027321 
0.13492 
1436828712919952766 
0.031822 
0.143268 
1436828712929841505 
0.037672 
0.106352 
1436828712939846693 
0.066962 
0.13293 
1436828712949860171 
0.107481 
0.145748 
1436828712959877361 
0.046957 
0.125225 
1436828712969894029 
0.04263 
0.132606 
1436828712979911329 
0.065762 
0.123052 
1436828712989931029 
0.026273 
0.059382 
1436828712999946726 
0.070802 
0.120877 
1436828713009821244 
0.084753 
0.102563 
1436828713019841075 
0.041408 
0.118003 
1436828713029858706 
0.026313 
0.141196 
1436828713039881155 
0.081096 
0.176078 
1436828713049892546 
0.048552 
0.125111 
1436828713059911856 
0.106489 
0.141147 
1436828713069924241 
0.036682 
0.104364 
1436828713079947543 
0.058887 
0.144649 
1436828713089816123 
0.086695 
0.128779 
1436828713099830032 
0.060224 
0.108183 
1436828713109856928 
0.063166 
0.107943 
1436828713119871025 
0.088722 
0.127533 
1436828713129885331 
0.025846 
0.137743 
1436828713139901776 
0.063083 
0.117204 
1436828713149934841 
0.02837 
0.125417 
1436828713159958348 
0.083098 
0.103523 
1436828713169972266 
0.110717 
0.121596 
1436828713179840857 
0.083581 
0.154468 
1436828713189847969 
0.109344 
0.154569 
1436828713199866332 
0.075226 
0.122682 
1436828713209888391 
0.058534 
0.139191 
1436828713219900796 
0.080891 
0.147766 
1436828713229935939 
0.056921 
0.113235 
1436828713239943286 
0.057041 
0.118588 
1436828713249946267 
0.072325 
0.141297 
1436828713259964155 
0.028551 
0.080089 
1436828713269836262 
0.007988 
0.096542 
1436828713279862339 
0.059395 
0.059145 
1436828713289869100 
0.046901 
0.128181 
1436828713299894523 
0.073837 
0.132096 
1436828713309911542 
0.072846 
0.079794 
1436828713319917615 
0.083516 
0.116592 
1436828713329932904 
0.083403 
0.16077 
1436828713339950070 
0.113345 
0.060639 
1436828713349959515 
0.101886 
0.147593 
1436828713359856513 
0.095496 
0.127583 
1436828713369854203 
0.054426 
0.113362 
1436828713379875816 
0.046299 
0.129033 
1436828713389880734 
0.09629 
0.148315 
1436828713399901483 
0.059006 
0.100143 
1436828713409921206 
0.062889 
0.105554 
1436828713419933090 
0.095642 
0.067888 
1436828713429950608 
0.097083 
0.130517 
1436828713439823818 
0.100775 
0.116799 
1436828713449850526 
0.095931 
0.147709 
1436828713459865737 
0.090395 
0.151477 
1436828713469880111 
0.091931 
0.111497 
1436828713480032956 
0.072236 
0.123783 
1436828713489904916 
0.050144 
0.092389 
1436828713499925007 
0.079906 
0.147078 
1436828713509938199 
0.052014 
0.132825 
1436828713519812604 
0.05694 
0.131731 
1436828713529817278 
0.088912 
0.13274 
1436828713539849982 
0.061724 
0.121071 
1436828713549859337 
0.069467 
0.114281 
1436828713559883104 
0.131826 
0.109575 
1436828713569895208 
0.125113 
0.100007 
1436828713579912100 
0.089131 
0.071825 
1436828713589936389 
0.106062 
0.160588 
1436828713599815065 
0.032931 
0.104006 
1436828713609821224 
0.102091 
0.119743 
1436828713619837649 
0.030691 
0.141483 
1436828713629860146 
0.055588 
0.141346 
1436828713639872330 
0.04663 
0.09788 
1436828713649886565 
0.050206 
0.119811 
1436828713659903298 
0.062351 
0.12195 
1436828713669921879 
0.101823 
0.113132 
1436828713679939219 
0.065936 
0.10048 
1436828713689935245 
0.112625 
0.12072 
1436828713699814515 
0.106651 
0.11086 
1436828713709841798 
0.09899 
0.183881 
1436828713719856210 
0.087612 
0.114795 
1436828713729875585 
0.09613 
0.151482 
1436828713739890169 
0.028174 
0.117639 
1436828713749904931 
0.079794 
0.089872 
1436828713759934294 
0.031221 
0.0809 
1436828713769945901 
0.083195 
0.100132 
1436828713779817389 
0.077655 
0.111005 
1436828713789841950 
0.116483 
0.066273 
1436828713799867170 
0.116073 
0.123646 
1436828713809864054 
0.105149 
0.087006 
1436828713819882321 
0.122203 
0.144301 
1436828713829906877 
0.090357 
0.125195 
1436828713839924564 
0.103809 
0.122458 
1436828713849936181 
0.074562 
0.143309 
1436828713859952240 
0.053269 
0.102518 
1436828713869836232 
0.065744 
0.107076 
1436828713879843230 
0.050958 
0.050865 
1436828713889877860 
0.135718 
0.154729 
1436828713899884480 
0.106663 
0.134325 
1436828713909903656 
0.077564 
0.091667 
1436828713919907069 
0.124023 
0.139221 
1436828713929921819 
0.131007 
0.147492 
1436828713939941489 
0.075779 
0.166258 
1436828713949956871 
0.114259 
0.1382 
1436828713959827781 
0.100694 
0.116884 
1436828713969987602 
0.084769 
0.12075 
1436828713979907745 
0.099814 
0.104116 
1436828713989887932 
0.104178 
0.061425 
1436828713999896474 
0.079204 
0.109575 
1436828714009927406 
0.113952 
0.101082 
1436828714019941045 
0.112581 
0.141429 
1436828714029948151 
0.079042 
0.085036 
1436828714039968618 
0.083569 
0.118889 
1436828714049848557 
0.083058 
0.166282 
1436828714059856572 
0.040057 
0.092436 
1436828714069844171 
0.086042 
0.151512 
1436828714079891760 
0.089185 
0.08724 
1436828714089923302 
0.110293 
0.114252 
1436828714099924307 
0.11178 
0.063103 
1436828714109939437 
0.086642 
0.114955 
1436828714119816931 
0.163786 
0.142486 
1436828714129835400 
0.085191 
0.094686 
1436828714139854381 
0.057309 
0.115573 
1436828714149868493 
0.086876 
0.112853 
1436828714159889381 
0.100375 
0.127124 
1436828714169914015 
0.117262 
0.158492 
1436828714179930289 
0.114654 
0.074427 
1436828714189937880 
0.095389 
0.164622 
1436828714199956590 
0.08033 
0.113987 
1436828714209841194 
0.154289 
0.100218 
1436828714219847332 
0.094393 
0.058342 
1436828714229879624 
0.116174 
0.130666 
1436828714239884050 
0.089562 
0.140586 
1436828714249901570 
0.10398 
0.080812 
1436828714259916705 
0.092371 
0.144082 
1436828714269933729 
0.092675 
0.110786 
1436828714279807473 
0.100036 
0.102461 
1436828714289823148 
0.102464 
0.113823 
1436828714299840142 
0.083894 
0.127148 
1436828714309857635 
0.094097 
0.107941 
1436828714319878940 
0.110998 
0.114471 
1436828714329893759 
0.09588 
0.116944 
1436828714339912048 
0.092344 
0.119837 
1436828714349940349 
0.130314 
0.10367 
1436828714359952632 
0.138215 
0.096713 
1436828714369824275 
0.062556 
0.101513 
1436828714379841260 
0.091586 
0.047804 
1436828714389862315 
0.123115 
0.125917 
1436828714399881836 
0.092998 
0.083853 
1436828714409893771 
0.100957 
0.092278 
1436828714419910036 
0.131043 
0.14797 
1436828714429929831 
0.087327 
0.12896 
1436828714439961127 
0.138171 
0.093897 
1436828714449824836 
0.107304 
0.118305 
1436828714459842119 
0.076939 
0.156492 
1436828714469859111 
0.083344 
0.088928 
1436828714479877118 
0.12645 
0.099716 
1436828714489900958 
0.111798 
0.104942 
1436828714499914402 
0.07186 
0.119211 
1436828714509936408 
0.089242 
0.074036 
1436828714519815824 
0.083829 
0.086765 
1436828714529825590 
0.078925 
0.122454 
1436828714539846868 
0.0867 
0.127113 
1436828714549859184 
0.073465 
0.07263 
1436828714559899511 
0.085618 
0.127677 
1436828714569883968 
0.064109 
0.1041 
1436828714579906356 
0.08068 
0.093952 
1436828714589926488 
0.091284 
0.117844 
1436828714599939786 
0.115663 
0.136043 
1436828714609812144 
0.140065 
0.108455 
1436828714619873036 
0.129051 
0.082413 
1436828714629845596 
0.116041 
0.101747 
1436828714639870437 
0.067086 
0.096834 
1436828714649875421 
0.090516 
0.107857 
1436828714659892114 
0.082865 
0.091048 
1436828714669906164 
0.103248 
0.074385 
1436828714679921496 
0.103244 
0.074221 
1436828714689947636 
0.117926 
0.081369 
1436828714699817196 
0.077935 
0.088001 
1436828714709829775 
0.070833 
0.107156 
1436828714719850902 
0.116625 
0.071543 
1436828714729863381 
0.107864 
0.091953 
1436828714739881289 
0.11339 
0.085329 
1436828714749934168 
0.15181 
0.169341 
1436828714759914315 
0.107826 
0.078068 
1436828714769888516 
0.092787 
0.099035 
1436828714779814314 
0.120435 
0.125662 
1436828714789821106 
0.088401 
0.064174 
1436828714799837803 
0.106695 
0.081081 
1436828714809870917 
0.110372 
0.091329 
1436828714819871764 
0.098506 
0.109347 
1436828714829898088 
0.088636 
0.117022 
1436828714839910499 
0.094324 
0.100337 
1436828714849924764 
0.134003 
0.079914 
1436828714859943234 
0.159949 
0.088696 
1436828714869958989 
0.151834 
0.16265 
1436828714879856344 
0.0978 
0.109147 
1436828714889855140 
0.096638 
0.132721 
1436828714899875033 
0.061793 
0.121174 
1436828714909886891 
0.116631 
0.122234 
1436828714919916346 
0.129625 
0.068683 
1436828714929923285 
0.12694 
0.106992 
1436828714939944425 
0.0856 
0.119953 
1436828714949821093 
0.094142 
0.07161 
1436828714959848161 
0.058487 
0.076114 
1436828714969867788 
0.095183 
0.087827 
1436828714979888850 
0.103137 
0.039352 
1436828714989893540 
0.11502 
0.104098 
1436828714999909143 
0.082029 
0.175378 
1436828715009941289 
0.085867 
0.047587 
1436828715019969459 
0.092241 
0.054074 
1436828715029827893 
0.107779 
0.080342 
1436828715039840532 
0.095931 
0.095759 
1436828715049867917 
0.098071 
0.114438 
1436828715059883697 
0.109288 
0.111643 
1436828715069901704 
0.103069 
0.107681 
1436828715079951790 
0.129144 
0.097629 
1436828715089937754 
0.11351 
0.07467 
1436828715099807175 
0.1291 
0.133236 
1436828715109829464 
0.047257 
0.105088 
1436828715119898695 
0.065473 
0.128995 
1436828715129876637 
0.118707 
0.081786 
1436828715139880388 
0.073369 
0.070364 
1436828715149905962 
0.114102 
0.096 
1436828715159924876 
0.119661 
0.130265 
1436828715169931429 
0.102142 
0.074922 
1436828715179810052 
0.10882 
0.068637 
1436828715189827916 
0.093124 
0.129783 
1436828715199861065 
0.104975 
0.059699 
1436828715209865550 
0.093921 
0.107991 
1436828715219888100 
0.085776 
0.095513 
1436828715229892501 
0.087557 
0.067536 
1436828715239923091 
0.10868 
0.0647 
1436828715249926950 
0.137349 
0.135307 
1436828715259944102 
0.030013 
0.152018 
1436828715269820557 
0.111971 
0.112553 
1436828715279836847 
0.094029 
0.103225 
1436828715289849528 
0.073026 
0.08428 
1436828715299868117 
0.122826 
0.084345 
1436828715309882661 
0.112039 
0.089683 
1436828715319912220 
0.069696 
0.111484 
1436828715329922487 
0.068441 
0.111657 
1436828715339970937 
0.083805 
0.101699 
1436828715349809545 
0.16317 
0.05681 
1436828715359840791 
0.09978 
0.115436 
1436828715369845575 
0.088549 
0.081384 
1436828715379862040 
0.045476 
0.116617 
1436828715389878161 
0.134239 
0.079612 
1436828715399907599 
0.13195 
0.140048 
1436828715409911690 
0.127873 
0.098565 
1436828715419928488 
0.083697 
0.090492 
1436828715429947383 
0.092071 
0.114465 
1436828715439821425 
0.101995 
0.076657 
1436828715449840080 
0.116874 
0.13941 
1436828715459854252 
0.078934 
0.119056 
1436828715469878383 
0.073712 
0.137138 
1436828715479889866 
0.098163 
0.085319 
1436828715489909393 
0.13926 
0.171045 
1436828715499927928 
0.123855 
0.102435 
1436828715509953051 
0.141227 
0.135417 
1436828715519817498 
0.228959 
0.120883 
1436828715529836933 
0.339418 
0.141107 
1436828715540001119 
0.437729 
0.127391 
1436828715549868557 
0.66357 
0.050644 
1436828715559888617 
0.822443 
0.008109 
1436828715569915207 
1.035317 
0.067554 
1436828715579909397 
1.223879 
0.108825 
1436828715589949940 
1.379011 
0.063313 
1436828715599813280 
1.544257 
0.035327 
1436828715609830214 
1.751222 
0.053418 
1436828715619856200 
1.823042 
0.072867 
1436828715629875693 
1.995908 
-0.01005 
1436828715639887304 
2.161762 
0.050516 
1436828715649901867 
2.335072 
0.046859 
1436828715659923981 
2.466947 
0.042488 
1436828715669946037 
2.649599 
0.030197 
1436828715679826735 
2.764048 
0.048701 
1436828715689826019 
2.928155 
0.003346 
1436828715699843375 
3.074516 
0.084945 
1436828715709873316 
3.267867 
0.071846 
1436828715719890954 
3.398418 
0.04891 
1436828715729899148 
3.583551 
0.041312 
1436828715739915350 
3.71382 
0.087621 
1436828715749934068 
3.860266 
0.100155 
1436828715759809736 
3.980859 
0.113554 
1436828715769872002 
4.0205 
0.047159 
1436828715779842135 
4.030866 
0.128134 
1436828715789862490 
3.994351 
0.090143 
1436828715799890360 
4.027504 
0.087068 
1436828715809898664 
4.033621 
0.119108 
1436828715819919809 
3.954152 
0.122212 
1436828715829934290 
3.919436 
0.097891 
1436828715839821495 
3.916506 
0.108132 
1436828715849837127 
3.866201 
0.104472 
1436828715859848286 
3.835242 
0.099885 
1436828715869859176 
3.841848 
0.11754 
1436828715879915734 
3.805416 
0.110219 
1436828715889896136 
3.78131 
0.10603 
1436828715899909770 
3.76352 
0.141093 
1436828715909938025 
3.753725 
0.113745 
1436828715919970086 
3.735304 
0.130281 
1436828715929818782 
3.725226 
0.082522 
1436828715939851144 
3.715877 
0.139378 
1436828715949852180 
3.695204 
0.128033 
1436828715959871847 
3.669427 
0.083592 
1436828715969884448 
3.696131 
0.126775 
1436828715979900606 
3.690079 
0.146004 
1436828715989922470 
3.637978 
0.10066 
1436828715999936355 
3.65264 
0.095287 
1436828716009810820 
3.651032 
0.122266 
1436828716019817320 
3.631837 
0.099741 
1436828716029843475 
3.598772 
0.110778 
1436828716039861049 
3.622536 
0.137609 
1436828716049881566 
3.603623 
0.122337 
1436828716059897118 
3.598961 
0.100834 
1436828716069914552 
3.605061 
0.128983 
1436828716079933097 
3.583045 
0.111221 
1436828716089809169 
3.5618 
0.117845 
1436828716099823575 
3.592102 
0.125051 
1436828716109839295 
3.581399 
0.124678 
1436828716119860490 
3.547865 
0.096938 
1436828716129874106 
3.563356 
0.116423 
1436828716139894248 
3.559491 
0.121698 
1436828716149908029 
3.523958 
0.088877 
1436828716159935676 
3.539278 
0.110821 
1436828716169941225 
3.546083 
0.128908 
1436828716179815552 
3.52213 
0.111794 
1436828716189838931 
3.51187 
0.098548 
1436828716199847774 
3.535682 
0.13179 
1436828716209862705 
3.513132 
0.129516 
1436828716219881083 
3.498364 
0.109557 
1436828716229898637 
3.505007 
0.112384 
1436828716239916657 
3.500594 
0.110245 
1436828716249932814 
3.488997 
0.110314 
1436828716259808645 
3.476258 
0.114811 
1436828716269834383 
3.479442 
0.121957 
1436828716279843125 
3.487402 
0.121387 
1436828716289864814 
3.479642 
0.118303 
1436828716299877338 
3.477599 
0.108055 
1436828716309896788 
3.374868 
0.082377 
1436828716319930786 
3.196319 
0.068407 
1436828716329945766 
2.982069 
0.145792 
1436828716339948542 
2.829951 
-0.020562 
1436828716349823809 
2.470672 
0.03079 
1436828716359842329 
2.142748 
0.108556 
1436828716369859570 
1.966219 
0.091971 
1436828716379883753 
1.748806 
0.095137 
1436828716389896830 
1.493461 
0.015638 
1436828716399911104 
1.277765 
0.095339 
1436828716409945048 
1.115193 
0.027892 
1436828716419805502 
0.974135 
0.070683 
1436828716429824926 
0.788962 
0.060184 
1436828716439846373 
0.653384 
0.03737 
1436828716449874890 
0.56279 
0.118247 
1436828716459896684 
0.437974 
0.062007 
1436828716469890629 
0.348374 
0.046278 
1436828716479914944 
0.305441 
0.034347 
1436828716489931408 
0.230608 
0.099063 
1436828716499982654 
0.149816 
0.111954 
1436828716509968448 
0.130124 
0.149779 
1436828716519859547 
0.033098 
0.07622 
1436828716529879718 
0.021074 
0.110329 
1436828716539886670 
-0.008195 
0.171435 
1436828716549897287 
-0.058526 
0.14154 
1436828716559934775 
-0.073825 
0.074632 
1436828716569932248 
-0.142332 
0.093699 
1436828716579818195 
-0.128008 
0.079503 
1436828716589829732 
0.041531 
0.089317 
1436828716599837715 
0.044914 
0.065829 
1436828716609857668 
0.152971 
0.170876 
1436828716619872655 
0.351987 
0.127329 
1436828716629886332 
0.442494 
0.051673 
1436828716639913135 
0.182985 
0.145909 
1436828716649936042 
0.180011 
0.100817 
1436828716659952472 
0.195959 
0.116989 
1436828716669819492 
0.125875 
0.209678 
1436828716679826682 
0.060688 
0.055733 
1436828716689843759 
0.128158 
0.045731 
1436828716699866219 
0.236227 
0.126659 
1436828716709888257 
0.322818 
0.103885 
1436828716719909693 
0.486548 
0.098885 
1436828716729918212 
0.619293 
0.051381 
1436828716739943952 
0.701264 
0.086973 
1436828716749809768 
0.89206 
0.071208 
1436828716759836501 
1.111618 
0.023467 
1436828716769839088 
1.165825 
0.062827 
1436828716779867033 
1.261975 
0.03911 
1436828716789874619 
1.428827 
-0.002529 
1436828716799903333 
1.611881 
0.02637 
1436828716809917487 
1.752418 
0.055598 
1436828716819940079 
1.879198 
0.078689 
1436828716829945698 
2.009259 
0.019442 
1436828716839826547 
2.135408 
0.092935 
1436828716849837850 
2.238444 
-0.006109 
1436828716859851076 
2.505282 
0.030734 
1436828716869881523 
2.678206 
0.023324 
1436828716879888747 
2.835786 
0.057217 
1436828716889905905 
3.018155 
0.048491 
1436828716899923380 
3.240043 
0.096379 
1436828716909945581 
3.420574 
0.099286 
1436828716919818527 
3.493947 
0.082952 
1436828716929865450 
3.594691 
0.093134 
1436828716939878612 
3.685942 
0.171606 
1436828716949877779 
3.762354 
0.11942 
1436828716959887800 
3.735362 
0.126676 
1436828716969905327 
3.722267 
0.172043 
1436828716979920937 
3.678433 
0.124023 
1436828716989944291 
3.66837 
0.126448 
1436828716999827813 
3.675279 
0.116628 
1436828717009832968 
3.624638 
0.106519 
1436828717019863225 
3.607438 
0.132885 
1436828717029878420 
3.620739 
0.104292 
1436828717039886856 
3.615606 
0.101423 
1436828717049904076 
3.574969 
0.102771 
1436828717059929293 
3.566006 
0.106946 
1436828717069939566 
3.54288 
0.114953 
1436828717079817555 
3.552638 
0.129091 
1436828717089828523 
3.534502 
0.122741 
1436828717099857384 
3.507113 
0.142163 
1436828717109863999 
3.516953 
0.128778 
1436828717119886967 
3.520573 
0.11904 
1436828717129910180 
3.52281 
0.122238 
1436828717139927515 
3.513812 
0.119937 
1436828717149933996 
3.506597 
0.113374 
1436828717159954092 
3.506551 
0.11897 
1436828717169826693 
3.490033 
0.116147 
1436828717179843994 
3.480209 
0.113135 
1436828717189860754 
3.473742 
0.125941 
1436828717199875473 
3.461511 
0.119105 
1436828717209908553 
3.45588 
0.133418 
1436828717219908239 
3.451688 
0.140449 
1436828717229934895 
3.449517 
0.124937 
1436828717239945523 
3.440757 
0.122624 
1436828717249814220 
3.43345 
0.116407 
1436828717259831368 
3.451025 
0.124499 
1436828717269857963 
3.44649 
0.128882 
1436828717279864975 
3.442031 
0.121294 
1436828717289881881 
3.438945 
0.12588 
1436828717299899687 
3.433253 
0.134346 
1436828717309914929 
3.409286 
0.124526 
1436828717319930582 
3.391773 
0.118223 
1436828717329808875 
3.380707 
0.114443 
1436828717339824318 
3.407096 
0.151743 
1436828717349859843 
3.410756 
0.12153 
1436828717359863441 
3.391692 
0.131772 
1436828717369874348 
3.403064 
0.116769 
1436828717379880271 
3.384313 
0.107591 
1436828717389905906 
3.385358 
0.10585 
1436828717399924919 
3.399804 
0.115757 
1436828717409940460 
3.398728 
0.124304 
1436828717419958376 
3.390919 
0.123642 
1436828717429833575 
3.388764 
0.134259 
1436828717439855722 
3.378698 
0.13727 
1436828717449867337 
3.36813 
0.127579 
1436828717459885659 
3.359296 
0.125217 
1436828717469911832 
3.28457 
0.072097 
1436828717479920355 
3.05627 
0.100014 
1436828717489839705 
2.862626 
0.295741 
1436828717499806567 
2.582671 
0.013819 
1436828717509846776 
2.328204 
0.038442 
1436828717519851500 
2.027058 
0.091222 
1436828717529866697 
1.753553 
0.061272 
1436828717539882843 
1.611952 
0.066768 
1436828717549901336 
1.33716 
0.09575 
1436828717559920045 
1.068548 
0.092186 
1436828717569934296 
0.93636 
0.043392 
1436828717579827318 
0.846332 
0.087502 
1436828717589827123 
0.680362 
0.065451 
1436828717599846664 
0.563894 
0.072392 
1436828717609868085 
0.481737 
0.073134 
1436828717619875725 
0.387132 
0.086976 
1436828717629896197 
0.308465 
0.055724 
1436828717639902202 
0.228578 
0.007388 
1436828717649930915 
0.108619 
0.05599 
1436828717659958772 
0.152493 
0.075219 
1436828717669824690 
0.067644 
0.073688 
1436828717679840991 
0.015748 
0.028088 
1436828717689855422 
0.041274 
0.084917 
1436828717699886785 
-0.077448 
0.13341 
1436828717709908381 
-0.121843 
0.148272 
1436828717719908201 
-0.147841 
0.122187 
1436828717729795026 
-0.127236 
0.183062 
1436828717739957245 
-0.166307 
0.091962 
1436828717749869856 
0.050091 
0.012845 
1436828717759841860 
0.128587 
0.063576 
1436828717769863237 
0.194247 
0.149148 
1436828717779873104 
0.348319 
0.117797 
1436828717789901888 
0.400406 
0.068649 
1436828717799920644 
0.240356 
0.198869 
1436828717809927556 
0.181156 
0.081452 
1436828717819957963 
0.163647 
0.087611 
1436828717829829221 
0.121638 
0.193 
1436828717839839778 
0.032329 
0.127886 
1436828717849869202 
0.059324 
0.110747 
1436828717859872989 
0.149207 
0.134531 
1436828717869905548 
0.330727 
0.121052 
1436828717879909331 
0.502042 
0.091836 
1436828717889926421 
0.496805 
0.074978 
1436828717899946974 
0.630451 
0.062877 
1436828717909822106 
0.891905 
-0.005736 
1436828717919827706 
1.023232 
0.047355 
1436828717929841411 
1.114615 
0.088377 
1436828717939856880 
1.243489 
0.032471 
1436828717949873356 
1.350039 
-0.027303 
1436828717959890273 
1.530326 
0.051031 
1436828717969915018 
1.68579 
0.10412 
1436828717979923034 
1.784695 
0.054284 
1436828717989810042 
1.935446 
0.057277 
1436828717999959485 
2.077025 
0.056211 
1436828718009839757 
2.237773 
0.034244 
1436828718019866606 
2.359156 
0.042745 
1436828718029867297 
2.591436 
0.024898 
1436828718039875804 
2.782281 
0.061973 
1436828718049897223 
2.952685 
0.112778 
1436828718059927833 
3.106469 
0.131494 
1436828718069935190 
3.326211 
0.086482 
1436828718079953743 
3.465372 
0.108416 
1436828718089824495 
3.486725 
0.076837 
1436828718099835846 
3.620551 
0.238658 
1436828718109854352 
3.653914 
0.146733 
1436828718119820146 
3.662165 
0.128477 
1436828718129912235 
3.597375 
0.153626 
1436828718139920007 
3.606149 
0.146711 
1436828718149931016 
3.587185 
0.127142 
1436828718159944482 
3.594845 
0.124477 
1436828718169812796 
3.541081 
0.113335 
1436828718179855393 
3.529822 
0.108372 
1436828718189942749 
3.557782 
0.118636 
1436828718199874296 
3.522075 
0.128095 
1436828718209905766 
3.508918 
0.150312 
1436828718219807188 
3.472501 
0.14525 
1436828718229933418 
3.468201 
0.121042 
1436828718239941932 
3.47474 
0.142637 
1436828718249816709 
3.445357 
0.131093 
1436828718259827942 
3.431381 
0.125601 
1436828718269847220 
3.436678 
0.125429 
1436828718279855824 
3.426378 
0.123262 
1436828718289882031 
3.420248 
0.118845 
1436828718299898409 
3.440129 
0.136921 
1436828718309924300 
3.42465 
0.125129 
1436828718319946332 
3.4226 
0.133806 
1436828718329939217 
3.412062 
0.121505 
1436828718339820535 
3.413894 
0.126055 
1436828718349856007 
3.390719 
0.132013 
1436828718359853456 
3.423845 
0.143306 
1436828718369873569 
3.397498 
0.122536 
1436828718379891389 
3.378775 
0.122618 
1436828718389916980 
3.394041 
0.131355 
1436828718399931217 
3.396799 
0.118898 
1436828718409944724 
3.389091 
0.122653 
1436828718419821238 
3.392405 
0.121263 
1436828718429834528 
3.406682 
0.135079 
1436828718439851660 
3.385829 
0.134829 
1436828718449867278 
3.38594 
0.133402 
1436828718459890185 
3.367479 
0.13179 
1436828718469904865 
3.359751 
0.129938 
1436828718479919890 
3.354132 
0.128136 
1436828718489937264 
3.346671 
0.131626 
1436828718499830280 
3.346728 
0.136933 
1436828718509831116 
3.335597 
0.140121 
1436828718519847873 
3.333567 
0.135159 
1436828718529875915 
3.329274 
0.135501 
1436828718539881557 
3.354658 
0.152965 
1436828718549894661 
3.32838 
0.114693 
1436828718559922718 
3.326151 
0.122726 
1436828718569933790 
3.324885 
0.134976 
1436828718579939926 
3.314847 
0.133269 
1436828718589828834 
3.315912 
0.141666 
1436828718599829297 
3.31384 
0.139128 
1436828718609940821 
3.315933 
0.145577 
1436828718619848217 
3.309262 
0.152412 
1436828718629883855 
3.311476 
0.1654 
1436828718639895909 
3.210711 
0.082696 
1436828718649917098 
2.995131 
0.23388 
1436828718659925449 
2.857895 
0.368444 
1436828718669941471 
2.509127 
0.099258 
1436828718679830837 
2.244033 
0.07847 
1436828718689831081 
1.944129 
0.121258 
1436828718699834371 
1.661144 
0.080934 
1436828718709866618 
1.525423 
0.099659 
1436828718719895602 
1.258291 
0.085077 
1436828718729895825 
1.006812 
0.105341 
1436828718739905857 
0.852571 
0.034969 
1436828718749920285 
0.772093 
0.08919 
1436828718759947393 
0.616781 
0.004208 
1436828718769821844 
0.507247 
0.100429 
1436828718779850900 
0.423049 
0.089619 
1436828718789856571 
0.323633 
0.01241 
1436828718799885213 
0.232154 
0.080368 
1436828718809887909 
0.192503 
0.121775 
1436828718819906578 
0.050357 
0.023059 
1436828718829932181 
0.07531 
0.067105 
1436828718839955581 
0.029921 
0.080567 
1436828718849820009 
0.008976 
0.086511 
1436828718859821670 
-0.006833 
0.075184 
1436828718869850740 
-0.129052 
0.121618 
1436828718879860637 
-0.136828 
0.126241 
1436828718889877604 
-0.175452 
0.106932 
1436828718899900583 
-0.129305 
0.1346 
1436828718909912100 
-0.107974 
0.111208 
1436828718919938078 
-0.003883 
0.075045 
1436828718929822187 
0.111043 
0.068935 
1436828718939966161 
0.183279 
0.135909 
1436828718949839345 
0.321733 
0.07446 
1436828718959861032 
0.35559 
0.067755 
1436828718969882193 
0.246014 
0.178361 
1436828718979907222 
0.201916 
0.020881 
1436828718989914745 
0.155704 
0.096396 
1436828718999935265 
0.068406 
0.134891 
1436828719009942448 
0.052294 
0.136418 
1436828719019817900 
0.045703 
0.09438 
1436828719029847285 
0.140903 
0.159068 
1436828719039850270 
0.308601 
0.123732 
1436828719049869474 
0.469127 
0.067631 
1436828719059897534 
0.493773 
0.146279 
1436828719069923553 
0.590728 
0.06028 
1436828719079947999 
0.856322 
0.018008 
1436828719089954868 
0.985197 
0.011926 
1436828719099973759 
1.081237 
0.107184 
1436828719109822749 
1.205546 
4.5e-05 
1436828719119849010 
1.338162 
0.008237 
1436828719129878713 
1.520889 
0.098295 
1436828719139893032 
1.659935 
0.009652 
1436828719149905301 
1.766605 
0.044544 
1436828719159928912 
1.826818 
0.054532 
1436828719169809798 
2.010398 
0.02446 
1436828719179815688 
2.189361 
0.034854 
1436828719189832910 
2.344368 
0.097277 
1436828719199849724 
2.53238 
0.056645 
1436828719209863056 
2.722554 
0.036015 
1436828719219892974 
2.877372 
0.095367 
1436828719229896031 
3.066531 
0.152678 
1436828719239925470 
3.297975 
0.050745 
1436828719249930843 
3.396298 
0.101427 
1436828719259955237 
3.44788 
0.109309 
1436828719269828472 
3.563177 
0.138559 
1436828719279835850 
3.60441 
0.1197 
1436828719289863500 
3.581754 
0.134564 
1436828719299869378 
3.541246 
0.139582 
1436828719309883375 
3.533331 
0.133576 
1436828719319901377 
3.540163 
0.136623 
1436828719329916850 
3.552015 
0.15302 
1436828719339949217 
3.477904 
0.122522 
1436828719349949988 
3.472057 
0.137564 
1436828719359968924 
3.478157 
0.122405 
1436828719369839950 
3.445609 
0.091934 
1436828719379855208 
3.468711 
0.133934 
1436828719389873813 
3.4447 
0.131746 
1436828719399897585 
3.421438 
0.131885 
1436828719409912402 
3.42453 
0.129271 
1436828719419920143 
3.41415 
0.119243 
1436828719429947984 
3.405769 
0.125962 
1436828719439952494 
3.383829 
0.132423 
1436828719449838735 
3.395324 
0.130859 
1436828719459846276 
3.40553 
0.133543 
1436828719469861224 
3.400335 
0.127926 
1436828719479880925 
3.389388 
0.116283 
1436828719489897073 
3.38413 
0.119101 
1436828719499915580 
3.386192 
0.133604 
1436828719509931420 
3.359822 
0.113021 
1436828719519931924 
3.352222 
0.150028 
1436828719529829187 
3.343567 
0.137374 
1436828719539840627 
3.342444 
0.142368 
1436828719549858953 
3.340273 
0.13981 
1436828719559877136 
3.328425 
0.137201 
1436828719569898745 
3.327138 
0.136665 
1436828719579915060 
3.328458 
0.136518 
1436828719589932803 
3.337221 
0.13178 
1436828719599951630 
3.340498 
0.137914 
1436828719609845092 
3.326004 
0.125866 
1436828719619844238 
3.318471 
0.125412 
1436828719629850505 
3.318623 
0.143618 
1436828719639866885 
3.298752 
0.139983 
1436828719649908817 
3.326463 
0.119524 
1436828719659947410 
3.282635 
0.129372 
1436828719669927586 
3.310977 
0.126355 
1436828719679948174 
3.298728 
0.135205 
1436828719689838457 
3.312905 
0.135803 
1436828719699841798 
3.325154 
0.12616 
1436828719709857078 
3.312881 
0.130943 
1436828719719877090 
3.31385 
0.147576 
1436828719730045748 
3.311983 
0.119301 
1436828719739920889 
3.301115 
0.127273 
1436828719749930456 
3.315363 
0.130136 
1436828719759930572 
3.29644 
0.146669 
1436828719769820099 
3.282555 
0.138766 
1436828719779838935 
3.281666 
0.131743 
1436828719789867313 
3.242987 
0.169192 
1436828719799874740 
3.039272 
0.084499 
1436828719809909181 
2.828511 
0.24631 
1436828719819919923 
2.650675 
0.176208 
1436828719829939270 
2.397406 
-0.008062 
1436828719839810424 
2.092139 
0.187183 
1436828719849815387 
1.890773 
0.15779 
1436828719859836259 
1.555761 
0.094217 
1436828719869851083 
1.373257 
0.063193 
1436828719879870340 
1.203684 
0.113339 
1436828719889883344 
0.927597 
0.105625 
1436828719899912817 
0.774792 
0.064058 
1436828719909913238 
0.711243 
0.068127 
1436828719919932958 
0.600368 
0.061236 
1436828719929947594 
0.464505 
0.06427 
1436828719939839347 
0.375808 
0.05825 
1436828719949842260 
0.195152 
0.064778 
1436828719959850958 
0.281584 
0.044971 
1436828719969875933 
0.190684 
0.058789 
1436828719979888699 
0.092185 
0.089171 
1436828719989901055 
0.024555 
0.125556 
1436828719999936696 
-0.024486 
0.01536 
1436828720009935428 
0.010585 
0.077419 
1436828720020001102 
-0.061655 
0.152775 
1436828720029823770 
-0.168348 
0.096718 
1436828720039871734 
-0.115301 
0.089137 
1436828720049859218 
-0.136289 
0.164676 
1436828720059876734 
-0.208011 
0.154194 
1436828720069892107 
0.018663 
0.055361 
1436828720079909362 
-0.033244 
0.070408 
1436828720089908594 
0.075835 
0.127408 
1436828720099932892 
0.279956 
0.1133 
1436828720109959428 
0.42941 
0.09432 
1436828720119937204 
0.333888 
0.162258 
1436828720129851166 
0.24146 
0.210927 
1436828720139860723 
0.198715 
0.012504 
1436828720149886786 
0.16857 
0.066649 
1436828720159910197 
0.019679 
0.103566 
1436828720169921381 
0.030296 
0.060822 
1436828720179942522 
0.049162 
0.096074 
1436828720189969761 
0.168583 
0.151354 
1436828720199829734 
0.291952 
0.117288 
1436828720209846852 
0.474568 
0.001195 
1436828720219875737 
0.524773 
0.037375 
1436828720229885087 
0.672449 
-0.003783 
1436828720239888622 
0.848214 
0.047267 
1436828720249973494 
0.9706 
-0.026518 
1436828720259935275 
1.078532 
0.010297 
1436828720269812721 
1.223002 
0.019075 
1436828720279835297 
1.307185 
0.038371 
1436828720289852004 
1.504834 
-0.009899 
1436828720299865968 
1.62735 
0.043581 
1436828720309827546 
1.732461 
0.031424 
1436828720319949087 
1.866632 
0.014605 
1436828720329913145 
2.014253 
0.059135 
1436828720339928715 
2.179658 
0.082605 
1436828720349948864 
2.368575 
0.088559 
1436828720359822776 
2.500104 
0.066261 
1436828720369842278 
2.726295 
0.131426 
1436828720380002639 
2.902633 
0.089285 
1436828720389875629 
3.129764 
0.046061 
1436828720399892562 
3.296854 
0.145863 
1436828720409915390 
3.334099 
0.122133 
1436828720419927624 
3.454601 
0.144834 
1436828720429944859 
3.546993 
0.128862 
1436828720439822163 
3.565836 
0.108858 
1436828720449840065 
3.525786 
0.17113 
1436828720459858239 
3.49944 
0.142449 
1436828720469881275 
3.513723 
0.106382 
1436828720479895362 
3.516986 
0.14097 
1436828720489912507 
3.469147 
0.123957 
1436828720499929894 
3.443308 
0.120078 
1436828720509811727 
3.472933 
0.134638 
1436828720519823104 
3.46351 
0.130979 
1436828720529836474 
3.425599 
0.120828 
1436828720539852585 
3.410012 
0.141842 
1436828720549878200 
3.362732 
0.11353 
1436828720559883439 
3.370432 
0.130314 
1436828720569893769 
3.395648 
0.140057 
1436828720579918605 
3.377797 
0.120482 
1436828720589932651 
3.367756 
0.134729 
1436828720599947789 
3.362995 
0.131621 
1436828720609822849 
3.371832 
0.147712 
1436828720619837923 
3.357717 
0.125641 
1436828720629855635 
3.355865 
0.1221 
1436828720639871443 
3.354877 
0.120301 
1436828720649887315 
3.3604 
0.126534 
1436828720659903974 
3.354815 
0.141755 
1436828720669887296 
3.334955 
0.149434 
1436828720679934901 
3.311184 
0.130368 
1436828720689952103 
3.314542 
0.148219 
1436828720699827586 
3.323497 
0.147315 
1436828720709849458 
3.278285 
0.116294 
1436828720719857995 
3.287261 
0.133294 
1436828720729880009 
3.307218 
0.145051 
1436828720739888260 
3.312317 
0.134032 
1436828720749907313 
3.284295 
0.12371 
1436828720759923871 
3.299148 
0.1377 
1436828720769938720 
3.286229 
0.138039 
1436828720779956900 
3.277503 
0.132864 
1436828720789838261 
3.279827 
0.155097 
1436828720799859837 
3.282879 
0.154077 
1436828720809867105 
3.26392 
0.156632 
1436828720819886046 
3.260875 
0.153359 
1436828720829899768 
3.272091 
0.154921 
1436828720839915592 
3.276385 
0.147208 
1436828720849942019 
3.279686 
0.14566 
1436828720859949930 
3.267488 
0.151842 
1436828720869828759 
3.280845 
0.142936 
1436828720879847945 
3.277759 
0.112915 
1436828720889864644 
3.295704 
0.159365 
1436828720899889414 
3.281912 
0.133238 
1436828720909897935 
3.265457 
0.141881 
1436828720919922253 
3.248665 
0.156928 
1436828720929925536 
3.252158 
0.15498 
1436828720939957017 
3.280749 
0.149095 
1436828720949817211 
3.186637 
0.147257 
1436828720959834128 
3.000574 
0.129913 
1436828720969850877 
2.723777 
0.088128 
1436828720979869435 
2.574994 
0.128462 
1436828720989891761 
2.33906 
-0.028948 
1436828720999902962 
2.004702 
0.108728 
1436828721009923172 
1.738749 
0.173497 
1436828721019937935 
1.511832 
0.105749 
1436828721029813207 
1.314472 
0.098202 
1436828721039830411 
1.091297 
0.076311 
1436828721049851221 
0.939493 
0.080668 
1436828721059881012 
0.76714 
0.05686 
1436828721069900912 
0.626638 
0.097825 
1436828721079901535 
0.496636 
0.030473 
1436828721089919621 
0.445097 
0.114077 
1436828721099819335 
0.330365 
0.072322 
1436828721109819291 
0.201177 
0.065849 
1436828721119828431 
0.195496 
0.031734 
1436828721129844530 
0.164302 
0.083595 
1436828721139876376 
0.067996 
0.138778 
1436828721149881661 
0.004424 
0.078925 
1436828721159911009 
-0.070819 
0.088691 
1436828721169922185 
-0.053513 
0.072067 
1436828721179937733 
-0.074442 
0.072485 
1436828721189824696 
-0.187917 
0.115704 
1436828721199830017 
-0.154075 
0.092324 
1436828721209843727 
-0.238362 
0.12411 
1436828721219863931 
-0.180931 
0.097962 
1436828721229872581 
0.102023 
0.063435 
1436828721239886279 
0.082196 
0.111885 
1436828721249906937 
0.105862 
0.096617 
1436828721259920544 
0.334331 
0.139892 
1436828721269948902 
0.408133 
0.102464 
1436828721279808132 
0.161291 
0.138146 
1436828721289824506 
0.273145 
0.021944 
1436828721299837428 
0.191817 
0.13387 
1436828721309864022 
0.112575 
0.168941 
1436828721319857391 
0.037373 
0.031202 
1436828721329896612 
0.025615 
0.017062 
1436828721339902035 
0.133933 
0.171186 
1436828721349916700 
0.181002 
0.125514 
1436828721359931981 
0.291983 
0.055551 
1436828721369946896 
0.409833 
0.022577 
1436828721379821214 
0.579127 
0.088346 
1436828721389846311 
0.70984 
0.11724 
1436828721399851731 
0.867095 
0.048757 
1436828721409867718 
0.975638 
0.058778 
1436828721419872966 
1.094797 
0.063101 
1436828721429914188 
1.2213 
0.009784 
1436828721439918110 
1.350156 
0.037789 
1436828721449932766 
1.51108 
0.072087 
1436828721459968792 
1.60442 
0.011773 
1436828721469813792 
1.765167 
0.057381 
1436828721479850561 
1.840108 
0.057626 
1436828721489853673 
1.997122 
0.0424 
1436828721499870246 
2.224356 
0.080307 
1436828721509886340 
2.400579 
0.073489 
1436828721519902705 
2.544404 
0.111426 
1436828721529933993 
2.746492 
0.062457 
1436828721539937431 
2.960569 
0.115841 
1436828721549962547 
3.144673 
0.09627 
1436828721559829894 
3.25828 
0.165476 
1436828721569847157 
3.271135 
0.106879 
1436828721579861972 
3.441083 
0.11623 
1436828721589890766 
3.507772 
0.136787 
1436828721599896986 
3.514711 
0.097017 
1436828721609914778 
3.498546 
0.140517 
1436828721619932717 
3.485774 
0.132115 
1436828721629963082 
3.446797 
0.141069 
1436828721639831381 
3.468254 
0.111595 
1436828721649842287 
3.421901 
0.108688 
1436828721659861474 
3.421074 
0.117973 
1436828721669881045 
3.437927 
0.132884 
1436828721679895795 
3.408069 
0.129043 
1436828721689909283 
3.386038 
0.121365 
1436828721699929580 
3.391817 
0.13135 
1436828721709938498 
3.356256 
0.126633 
1436828721719823745 
3.383171 
0.127244 
1436828721729850655 
3.35668 
0.133097 
1436828721739865149 
3.358094 
0.142838 
1436828721749883885 
3.32857 
0.147323 
1436828721759907734 
3.350382 
0.147557 
1436828721769911242 
3.332081 
0.131359 
1436828721779932934 
3.33069 
0.134542 
1436828721789949859 
3.321208 
0.139531 
1436828721799824441 
3.312173 
0.145246 
1436828721809852867 
3.324663 
0.147431 
1436828721819843908 
3.323303 
0.149191 
1436828721829874887 
3.301255 
0.14928 
1436828721839893015 
3.280655 
0.146651 
1436828721849911488 
3.294733 
0.141154 
1436828721859928608 
3.261883 
0.128974 
1436828721869942205 
3.2991 
0.153028 
1436828721879827745 
3.293678 
0.149953 
1436828721889834397 
3.29597 
0.138628 
1436828721899867164 
3.295093 
0.137236 
1436828721909869255 
3.298231 
0.136953 
1436828721919888672 
3.294895 
0.132444 
1436828721929906091 
3.284113 
0.139172 
1436828721939919646 
3.283056 
0.147516 
1436828721950127117 
3.280982 
0.154253 
1436828721959812994 
3.264603 
0.13848 
1436828721969832232 
3.264559 
0.13843 
1436828721979853948 
3.230601 
0.141066 
1436828721989876917 
3.282109 
0.160671 
1436828721999884154 
3.271725 
0.15221 
1436828722009906274 
3.256038 
0.150025 
1436828722019925071 
3.254025 
0.143836 
1436828722029945890 
3.247288 
0.135054 
1436828722039812767 
3.259712 
0.110749 
1436828722049831163 
3.265275 
0.150453 
1436828722059849423 
3.252015 
0.13254 
1436828722069867829 
3.255979 
0.143503 
1436828722079882204 
3.227953 
0.14068 
1436828722089877536 
3.212472 
0.152667 
1436828722099930659 
3.214599 
0.134507 
1436828722109946134 
3.128643 
0.119645 
1436828722119810651 
2.909233 
0.056918 
1436828722129830149 
2.70447 
0.2187 
1436828722139849431 
2.503634 
0.0846 
1436828722149903774 
2.186031 
-0.090868 
1436828722159885116 
1.877387 
0.151452 
1436828722169902713 
1.611428 
0.064613 
1436828722179927505 
1.492467 
0.119744 
1436828722189946735 
1.22729 
0.065284 
1436828722199824496 
0.997178 
0.103046 
1436828722209826358 
0.857878 
0.085076 
1436828722219843109 
0.744829 
0.075406 
1436828722229862236 
0.571595 
0.078838 
1436828722239891951 
0.422326 
0.056696 
1436828722249900499 
0.376053 
0.112709 
1436828722259927328 
0.304861 
0.104935 
1436828722269944195 
0.222313 
0.069622 
1436828722279952533 
0.184193 
0.102519 
1436828722289827941 
0.073619 
0.052929 
1436828722299845236 
0.096294 
0.139098 
1436828722309845459 
0.024145 
0.126078 
1436828722319882442 
-0.053311 
0.074774 
1436828722329902829 
-0.063503 
0.105049 
1436828722339918968 
-0.100615 
0.112759 
1436828722349937266 
-0.170398 
0.163835 
1436828722359812591 
-0.159151 
0.103515 
1436828722369831087 
-0.214767 
0.102376 
1436828722379853351 
-0.166851 
0.074997 
1436828722389869438 
0.046742 
0.034085 
1436828722399888952 
0.140781 
0.040438 
1436828722409908710 
0.167449 
0.14918 
1436828722419927505 
0.319038 
0.077604 
1436828722429945930 
0.385765 
0.006504 
1436828722439821685 
0.213843 
0.182219 
1436828722449841779 
0.147936 
0.079917 
1436828722459860889 
0.13792 
0.125476 
1436828722469895319 
0.100412 
0.18794 
1436828722479899141 
0.021965 
0.097729 
1436828722489920816 
0.001591 
0.093783 
1436828722499820021 
0.135639 
0.146047 
1436828722509833883 
0.267348 
0.116752 
1436828722519824545 
0.354942 
0.079817 
1436828722529855116 
0.420682 
0.098853 
1436828722539862558 
0.51897 
0.179279 
1436828722549860933 
0.762466 
0.031319 
1436828722559896333 
0.896002 
0.0186 
1436828722569934003 
0.93958 
0.063705 
1436828722579936487 
1.084962 
0.115347 
1436828722589942007 
1.218399 
0.016262 
1436828722599961003 
1.344618 
0.097391 
1436828722609843523 
1.470531 
0.08503 
1436828722619856112 
1.637233 
0.045041 
1436828722629873811 
1.744619 
0.044288 
1436828722639892964 
1.916722 
0.069304 
1436828722649910581 
2.081752 
0.098702 
1436828722659931061 
2.239971 
0.103377 
1436828722669945492 
2.430431 
0.064229 
1436828722679956110 
2.584859 
0.12514 
1436828722689874404 
2.7717 
0.088263 
1436828722699857494 
2.983555 
0.13984 
1436828722709868812 
3.11499 
0.125084 
1436828722719883687 
3.278935 
0.146969 
1436828722729902276 
3.348946 
0.098576 
1436828722739921959 
3.461906 
0.188724 
1436828722749937978 
3.526315 
0.092845 
1436828722759821741 
3.488311 
0.149753 
1436828722769827156 
3.472483 
0.131268 
1436828722779871548 
3.433507 
0.137368 
1436828722789870754 
3.414731 
0.096956 
1436828722799886450 
3.447331 
0.147747 
1436828722809902331 
3.416609 
0.140314 
1436828722819922988 
3.413899 
0.129876 
1436828722829932410 
3.419737 
0.14071 
1436828722839808540 
3.371591 
0.096001 
1436828722849829191 
3.369844 
0.124903 
1436828722859842818 
3.360326 
0.129879 
1436828722869864143 
3.344427 
0.144763 
1436828722879881770 
3.359039 
0.149976 
1436828722889901121 
3.340934 
0.156221 
1436828722899930790 
3.318455 
0.140705 
1436828722909932783 
3.329605 
0.136063 
1436828722919819588 
3.314505 
0.14393 
1436828722929827830 
3.335337 
0.138472 
1436828722939845932 
3.330256 
0.153612 
1436828722949858686 
3.307043 
0.144254 
1436828722959890252 
3.314442 
0.147787 
1436828722969901788 
3.311531 
0.138376 
1436828722979918548 
3.299262 
0.145587 
1436828722989937861 
3.29377 
0.152561 
1436828722999827837 
3.286287 
0.146823 
1436828723009834561 
3.289735 
0.144195 
1436828723019851908 
3.27883 
0.142131 
1436828723029848599 
3.284193 
0.14403 
1436828723039885855 
3.288674 
0.155939 
1436828723049913338 
3.287796 
0.147999 
1436828723059935261 
3.272764 
0.122946 
1436828723069938281 
3.275999 
0.125345 
1436828723079816478 
3.254975 
0.144328 
1436828723089830731 
3.253786 
0.144769 
1436828723099862998 
3.247264 
0.148611 
1436828723109861366 
3.240881 
0.151407 
1436828723119899649 
3.228644 
0.162905 
1436828723129893070 
3.222286 
0.137067 
1436828723139923799 
3.213435 
0.158198 
1436828723149940965 
3.214662 
0.160476 
1436828723159812325 
3.225852 
0.14377 
1436828723169852632 
3.216696 
0.147908 
1436828723179837179 
3.230047 
0.158421 
1436828723189867814 
3.234394 
0.154666 
1436828723199902556 
3.22789 
0.148397 
1436828723209909524 
3.226854 
0.125458 
1436828723219897540 
3.234353 
0.144126 
1436828723229939119 
3.235079 
0.162695 
1436828723239950722 
3.219196 
0.145829 
1436828723249819328 
3.204731 
0.140065 
1436828723259855946 
3.206831 
0.142877 
1436828723269854106 
3.045938 
0.108728 
1436828723279872785 
2.880292 
0.287738 
1436828723289887452 
2.634208 
0.271384 
1436828723299905235 
2.350552 
0.092092 
1436828723309930085 
2.072609 
0.126424 
1436828723319939460 
1.840781 
0.148228 
1436828723329955555 
1.570302 
0.100984 
1436828723339836799 
1.414885 
0.081519 
1436828723349846747 
1.135335 
0.112165 
1436828723359862918 
0.88226 
0.133161 
1436828723369929292 
0.761453 
0.04237 
1436828723379894883 
0.647719 
0.08625 
1436828723389913376 
0.554789 
0.07014 
1436828723399942637 
0.397993 
0.113364 
1436828723409948975 
0.317776 
0.106179 
1436828723419821505 
0.236607 
0.042636 
1436828723429860815 
0.233691 
0.076268 
1436828723439857724 
0.155186 
0.084005 
1436828723449872456 
0.039384 
0.101363 
1436828723459904688 
0.028411 
0.100865 
1436828723469909038 
0.002231 
0.047934 
1436828723479947808 
-0.026131 
0.114126 
1436828723489809558 
-0.063598 
0.0729 
1436828723499965096 
-0.152621 
0.126401 
1436828723509867390 
-0.146441 
0.086421 
1436828723519860656 
-0.180665 
0.164972 
1436828723529879116 
-0.234911 
0.130221 
1436828723539896679 
0.02985 
0.033461 
1436828723549912967 
-0.028506 
0.056851 
1436828723559932735 
0.135061 
0.165915 
1436828723569952579 
0.186092 
0.154667 
1436828723579824619 
0.339317 
0.056585 
1436828723589847199 
0.348544 
0.139928 
1436828723599862744 
0.236683 
0.169751 
1436828723609880234 
0.173156 
-0.01365 
1436828723619918695 
0.140097 
0.088259 
1436828723629919258 
0.027463 
0.155397 
1436828723639919460 
0.01001 
0.068328 
1436828723649810986 
-0.004593 
0.120613 
1436828723659826869 
0.091259 
0.150877 
1436828723669846221 
0.229114 
0.111899 
1436828723679875776 
0.399437 
0.059812 
1436828723689871161 
0.465525 
0.122702 
1436828723699907549 
0.591844 
0.076094 
1436828723709933114 
0.789471 
0.063011 
1436828723719937528 
0.895692 
0.035777 
1436828723729967019 
1.018325 
0.07206 
1436828723739829906 
1.08331 
-0.018972 
1436828723749854778 
1.204376 
0.042199 
1436828723759868556 
1.407136 
0.087038 
1436828723769892618 
1.567748 
0.079231 
1436828723779917103 
1.662903 
0.027581 
1436828723789926562 
1.728058 
0.020725 
1436828723799958127 
1.88717 
0.056125 
1436828723809835128 
2.082835 
0.040864 
1436828723819834039 
2.247964 
0.057045 
1436828723829864401 
2.45585 
0.145834 
1436828723839880454 
2.631443 
0.100328 
1436828723849897488 
2.812145 
0.141644 
1436828723859918002 
2.970235 
0.136704 
1436828723869930239 
3.183688 
0.092052 
1436828723879839778 
3.227045 
0.113085 
1436828723889817925 
3.353126 
0.093296 
1436828723899870149 
3.440173 
0.103898 
1436828723909858474 
3.484306 
0.140374 
1436828723919869656 
3.443729 
0.122921 
1436828723929888469 
3.462411 
0.182713 
1436828723939910830 
3.419602 
0.149967 
1436828723949936592 
3.449964 
0.142871 
1436828723959944913 
3.380251 
0.106175 
1436828723969958770 
3.375635 
0.122796 
1436828723979832502 
3.390518 
0.166666 
1436828723989860853 
3.400658 
0.1433 
1436828723999865752 
3.356214 
0.132191 
1436828724009885123 
3.357066 
0.131248 
1436828724019903501 
3.350468 
0.132805 
1436828724029921340 
3.331918 
0.147193 
1436828724039938967 
3.335235 
0.148714 
1436828724049813441 
3.314429 
0.140496 
1436828724059974764 
3.308293 
0.141997 
1436828724069849247 
3.286161 
0.129127 
1436828724079865619 
3.315617 
0.141495 
1436828724089884654 
3.317246 
0.151945 
1436828724099903281 
3.281974 
0.119047 
1436828724109938425 
3.289893 
0.120908 
1436828724119912274 
3.302149 
0.136141 
1436828724129829654 
3.290175 
0.14104 
1436828724139817419 
3.275676 
0.150591 
1436828724149843520 
3.266973 
0.154416 
1436828724159862295 
3.258465 
0.160368 
1436828724169883533 
3.258082 
0.160373 
1436828724179894086 
3.246237 
0.131888 
1436828724189912805 
3.213569 
0.130115 
1436828724199811975 
3.219899 
0.143321 
1436828724209956476 
3.242187 
0.13438 
1436828724219823566 
3.23795 
0.142675 
1436828724229848470 
3.250811 
0.163343 
1436828724239859435 
3.23447 
0.143477 
1436828724249887581 
3.229034 
0.151846 
1436828724259896682 
3.222601 
0.154583 
1436828724269920252 
3.215821 
0.159981 
1436828724279929408 
3.214649 
0.16724 
1436828724289944674 
3.207985 
0.156947 
1436828724299828258 
3.209074 
0.161731 
1436828724309836934 
3.223469 
0.153325 
1436828724319868584 
3.227087 
0.162123 
1436828724329886064 
3.229129 
0.154246 
1436828724339891907 
3.22454 
0.144211 
1436828724349874966 
3.228103 
0.143962 
1436828724359921506 
3.231409 
0.146027 
1436828724369807212 
3.222619 
0.146049 
1436828724379838581 
3.213781 
0.14841 
1436828724389832852 
3.197263 
0.135096 
1436828724399861184 
3.212589 
0.167423 
1436828724409877448 
3.21921 
0.151861 
1436828724419903577 
3.184606 
0.150062 
1436828724429916630 
2.943387 
0.084364 
1436828724439798959 
2.699524 
0.148505 
1436828724449955393 
2.533325 
0.125201 
1436828724459842027 
2.314134 
0.113432 
1436828724469850848 
1.961816 
0.150716 
1436828724479866808 
1.75371 
0.181058 
1436828724489886403 
1.485244 
0.101171 
1436828724499905257 
1.228976 
0.092969 
1436828724509920348 
1.079327 
0.08844 
1436828724519940339 
0.879903 
0.127734 
1436828724529955085 
0.695037 
0.081531 
1436828724539828897 
0.619012 
0.113746 
1436828724549849948 
0.507969 
0.063998 
1436828724559860892 
0.387954 
0.126452 
1436828724569881267 
0.311943 
0.061459 
1436828724579894735 
0.13947 
0.043547 
1436828724589912851 
0.215545 
0.083549 
1436828724599930037 
0.14769 
0.087749 
1436828724609946488 
0.054621 
0.12364 
1436828724619823746 
-0.027163 
0.128753 
1436828724629839102 
-0.046101 
0.084638 
1436828724639853943 
-0.019444 
0.116034 
1436828724649874670 
-0.066832 
0.153398 
1436828724659889730 
-0.191882 
0.053665 
1436828724669908140 
-0.142402 
0.113342 
1436828724679926358 
-0.207354 
0.118831 
1436828724689937635 
-0.149032 
0.17989 
1436828724699811037 
0.116582 
0.089497 
1436828724709830223 
0.08672 
0.177615 
1436828724719844407 
0.086282 
0.096265 
1436828724729862540 
0.352688 
0.128158 
1436828724739879345 
0.380688 
0.073924 
1436828724749892769 
0.238957 
0.151976 
1436828724759910846 
0.218896 
0.021758 
1436828724769928433 
0.277611 
0.118631 
1436828724779943634 
0.080687 
0.080834 
1436828724789820689 
0.034327 
0.119215 
1436828724799836498 
0.051788 
0.00334 
1436828724809855418 
0.058627 
0.126867 
1436828724819877700 
0.16052 
0.119335 
1436828724829889052 
0.242934 
0.048674 
1436828724839906821 
0.375745 
0.032352 
1436828724849937145 
0.490651 
0.036262 
1436828724859950926 
0.591045 
0.093995 
1436828724869815407 
0.759927 
0.028259 
1436828724879832476 
0.910822 
0.043645 
1436828724889849322 
0.978408 
0.008329 
1436828724899870232 
1.103281 
0.051386 
1436828724909884830 
1.257005 
0.045626 
1436828724919904064 
1.434211 
0.084588 
1436828724929930864 
1.518416 
0.061794 
1436828724939941863 
1.653757 
0.044545 
1436828724949816686 
1.777741 
0.027118 
1436828724959831216 
1.896459 
0.016999 
1436828724969853512 
2.123035 
0.066461 
1436828724979868203 
2.301728 
0.113344 
1436828724989885465 
2.437038 
0.087942 
1436828724999932485 
2.63759 
0.108402 
1436828725009924651 
2.814708 
0.120247 
1436828725019942983 
3.096831 
0.062752 
1436828725029964712 
3.235779 
0.117809 
1436828725039848122 
3.192443 
0.082104 
1436828725049913733 
3.348774 
0.176854 
1436828725059886188 
3.429946 
0.144203 
1436828725069900671 
3.471902 
0.142434 
1436828725079908690 
3.43541 
0.153458 
1436828725089928280 
3.41259 
0.140737 
1436828725099807908 
3.4068 
0.143956 
1436828725109822773 
3.413048 
0.121305 
1436828725119852020 
3.376309 
0.119747 
1436828725129859276 
3.330462 
0.117466 
1436828725139879437 
3.406946 
0.151174 
1436828725149897270 
3.369478 
0.150962 
1436828725159926131 
3.348881 
0.148143 
1436828725169946417 
3.353222 
0.167662 
1436828725179817393 
3.286563 
0.148766 
1436828725189827648 
3.305911 
0.148972 
1436828725199845980 
3.312058 
0.150244 
1436828725209822403 
3.281217 
0.150739 
1436828725219879501 
3.283438 
0.155099 
1436828725229903796 
3.280369 
0.147585 
1436828725239914548 
3.280154 
0.146993 
1436828725249929656 
3.305326 
0.15498 
1436828725259809239 
3.270726 
0.135149 
1436828725269823600 
3.262767 
0.126817 
1436828725279851864 
3.269922 
0.139032 
1436828725289855760 
3.252073 
0.138059 
1436828725299876391 
3.26591 
0.153662 
1436828725309891853 
3.25205 
0.164979 
1436828725319897635 
3.223592 
0.164583 
1436828725329934514 
3.228173 
0.164946 
1436828725339944839 
3.221625 
0.15111 
1436828725349821167 
3.208325 
0.166982 
1436828725359845017 
3.22369 
0.160479 
1436828725369855519 
3.233629 
0.156327 
1436828725379859948 
3.237372 
0.148587 
1436828725389914916 
3.225846 
0.134244 
1436828725399920847 
3.224782 
0.157026 
1436828725409919179 
3.219353 
0.167976 
1436828725419939172 
3.233831 
0.168455 
1436828725429821783 
3.229158 
0.161679 
1436828725439865672 
3.214919 
0.161482 
1436828725449850885 
3.217129 
0.154812 
1436828725459867348 
3.215016 
0.163107 
1436828725469889227 
3.214308 
0.152479 
1436828725479904738 
3.211884 
0.156523 
1436828725489779842 
3.205637 
0.141854 
1436828725499951571 
3.217805 
0.146153 
1436828725509955902 
3.212316 
0.144609 
1436828725519846436 
3.213229 
0.151839 
1436828725530108724 
3.203582 
0.134175 
1436828725539875754 
3.174672 
0.141071 
1436828725549892642 
3.17736 
0.128502 
1436828725559908629 
3.217892 
0.190528 
1436828725569918912 
3.155239 
0.170074 
1436828725579956110 
3.120734 
0.129888 
1436828725589950575 
2.888624 
0.141231 
1436828725599824169 
2.677335 
0.182106 
1436828725609842977 
2.48047 
0.168334 
1436828725619858505 
2.262276 
-0.071366 
1436828725629879946 
1.92279 
0.158886 
1436828725639907506 
1.617411 
0.093349 
1436828725649917826 
1.423432 
0.15805 
1436828725659931571 
1.20684 
0.082275 
1436828725669810232 
0.989745 
0.063151 
1436828725679835532 
0.865845 
0.082556 
1436828725689853238 
0.701888 
0.071281 
1436828725699863639 
0.561531 
0.091975 
1436828725709881861 
0.421683 
0.047929 
1436828725719909783 
0.384476 
0.14046 
1436828725729928144 
0.245032 
0.123652 
1436828725739936267 
0.218256 
0.106275 
1436828725749811769 
0.180262 
0.071379 
1436828725759835254 
0.079395 
0.084813 
1436828725769852948 
0.050942 
0.146112 
1436828725779870669 
0.050033 
0.117753 
1436828725789890425 
-0.077789 
0.084723 
1436828725799908038 
-0.071625 
0.116358 
1436828725809932014 
-0.044409 
0.128055 
1436828725819952417 
-0.168891 
0.143529 
1436828725829816493 
-0.198631 
0.089746 
1436828725839834462 
-0.216344 
0.122244 
1436828725849864586 
-0.201589 
0.098847 
1436828725859869687 
0.052562 
0.085255 
1436828725869895959 
0.074118 
0.010366 
1436828725879903312 
0.134025 
0.078672 
1436828725889917762 
0.336262 
0.105274 
1436828725899935135 
0.408116 
0.063746 
1436828725909821389 
0.168774 
0.136216 
1436828725919827717 
0.227483 
0.037648 
1436828725929855250 
0.150128 
0.120622 
1436828725939860240 
0.113553 
0.238986 
1436828725949885998 
0.029071 
0.052614 
1436828725959906268 
0.024535 
0.061592 
1436828725969908892 
0.078221 
0.09893 
1436828725979935097 
0.215914 
0.16568 
1436828725989946214 
0.274211 
0.035484 
1436828725999836357 
0.354362 
0.098889 
1436828726009837513 
0.468604 
0.120613 
1436828726019849338 
0.664538 
0.088371 
1436828726029850654 
0.846681 
0.036614 
1436828726039887987 
0.887288 
0.037922 
1436828726049903315 
1.005589 
0.073442 
1436828726059918953 
1.163373 
0.021963 
1436828726069937059 
1.282039 
0.064219 
1436828726079828346 
1.428573 
0.123236 
1436828726089832414 
1.553377 
0.039901 
1436828726099857538 
1.691413 
0.020361 
1436828726109865715 
1.797522 
0.098333 
1436828726119885592 
1.957557 
0.056195 
1436828726129899585 
2.148512 
0.074721 
1436828726139926648 
2.353436 
0.058987 
1436828726149943692 
2.46811 
0.122484 
1436828726159811221 
2.691443 
0.102649 
1436828726169827367 
2.903691 
0.054798 
1436828726179848083 
3.096812 
0.147753 
1436828726189863058 
3.144753 
0.111031 
1436828726199880216 
3.235133 
0.095223 
1436828726209907749 
3.393913 
0.176795 
1436828726219915153 
3.437034 
0.157026 
1436828726229933883 
3.442146 
0.137081 
1436828726239810094 
3.425961 
0.155965 
1436828726249849179 
3.400916 
0.16748 
1436828726259842192 
3.407045 
0.120172 
1436828726269876361 
3.417687 
0.184505 
1436828726279891089 
3.358189 
0.141479 
1436828726289900366 
3.369924 
0.13225 
1436828726299914786 
3.372291 
0.134821 
1436828726309938384 
3.350928 
0.126592 
1436828726319948054 
3.330336 
0.153665 
1436828726329818987 
3.312496 
0.157893 
1436828726339827800 
3.295968 
0.16145 
1436828726349888982 
3.299414 
0.172085 
1436828726359878121 
3.28258 
0.144781 
1436828726369897423 
3.256268 
0.152611 
1436828726379911970 
3.273173 
0.155278 
1436828726389928750 
3.283877 
0.144008 
1436828726399948847 
3.265021 
0.152093 
1436828726409822485 
3.267117 
0.1482 
1436828726419838152 
3.249294 
0.137809 
1436828726429854029 
3.241779 
0.148027 
1436828726439881517 
3.274151 
0.142137 
1436828726449889987 
3.245296 
0.152926 
1436828726459909395 
3.235355 
0.162587 
1436828726469928188 
3.227275 
0.153896 
1436828726479813253 
3.196394 
0.139438 
1436828726489822651 
3.218161 
0.14161 
1436828726499838934 
3.214068 
0.1579 
1436828726509855117 
3.224858 
0.171898 
1436828726519871237 
3.224379 
0.147398 
1436828726529885900 
3.192073 
0.144734 
1436828726539901792 
3.2152 
0.158672 
1436828726549920385 
3.206719 
0.14711 
1436828726559949121 
3.197749 
0.160041 
1436828726569822433 
3.1979 
0.16129 
1436828726579966793 
3.185823 
0.160886 
1436828726589842411 
3.182328 
0.157607 
1436828726599871983 
3.187635 
0.164562 
1436828726609873102 
3.17681 
0.164993 
1436828726619889043 
3.186873 
0.155204 
1436828726629906169 
3.184452 
0.160854 
1436828726639913356 
3.186762 
0.149415 
1436828726649955545 
3.19098 
0.159878 
1436828726659816570 
3.195502 
0.153629 
1436828726669830041 
3.198738 
0.155864 
1436828726679820444 
3.192112 
0.155807 
1436828726689853982 
3.183358 
0.155822 
1436828726699891849 
3.177672 
0.169335 
1436828726709897178 
3.178166 
0.134608 
1436828726719916142 
3.147099 
0.19325 
1436828726729919605 
3.151822 
0.171671 
1436828726739813334 
3.058163 
0.097306 
1436828726749820323 
2.865529 
0.213373 
1436828726759859281 
2.600262 
0.283654 
1436828726769863467 
2.355477 
0.140014 
1436828726779867555 
2.131968 
0.060857 
1436828726789885035 
1.806677 
0.16553 
1436828726799900231 
1.523687 
0.122691 
1436828726809917917 
1.421371 
0.111124 
1436828726819941451 
1.128238 
0.094227 
1436828726829953062 
0.865354 
0.095139 
1436828726839834904 
0.750084 
0.063456 
1436828726849844173 
0.649003 
0.133023 
1436828726859857626 
0.498094 
0.095553 
1436828726869875474 
0.404544 
0.110134 
1436828726879879419 
0.323415 
0.092791 
1436828726889938417 
0.262025 
0.071733 
1436828726899924370 
0.192145 
0.086751 
1436828726909815515 
0.122108 
0.106969 
1436828726919814031 
0.027548 
0.061577 
1436828726929834672 
0.060606 
0.100054 
1436828726939850789 
-0.010622 
0.081314 
1436828726949866907 
-0.049751 
0.085299 
1436828726959894993 
-0.091142 
0.092768 
1436828726969912796 
-0.125638 
0.174275 
1436828726979920207 
-0.125006 
0.138565 
1436828726989939237 
-0.184527 
0.133166 
1436828726999823436 
-0.224091 
0.109154 
1436828727009829309 
-0.120191 
0.066615 
1436828727019846625 
-0.015723 
0.100575 
1436828727029869490 
-0.000261 
0.027056 
1436828727039882501 
0.081508 
0.101137 
1436828727049899945 
0.209852 
-0.030332 
1436828727059927169 
0.18218 
-0.01725 
1436828727069937130 
0.051716 
0.05705 
1436828727079953943 
0.003103 
0.157406 
1436828727089837949 
0.02544 
0.054182 
1436828727099846952 
0.014438 
0.063774 
1436828727109872729 
0.002585 
0.108625 
1436828727119885731 
-0.007525 
0.064573 
1436828727129909408 
-0.01166 
0.045067 
1436828727139925399 
0.001396 
0.139297 
1436828727149933347 
0.034415 
0.111491 
1436828727159816300 
0.043718 
0.155652 
1436828727169824141 
-0.00978 
0.126524 
1436828727179839823 
-0.03755 
0.101985 
1436828727189853926 
0.039991 
0.096751 
1436828727199877822 
0.027934 
0.123615 
1436828727209895915 
0.021444 
0.102055 
1436828727219914443 
0.036909 
0.124415 
1436828727229923129 
0.00205 
0.035347 
1436828727239933234 
0.035046 
0.080921 
1436828727249806809 
-0.004757 
0.132493 
1436828727259826390 
0.037805 
0.124881 
1436828727269847836 
0.028851 
0.070789 
1436828727279861169 
0.0235 
0.118388 
1436828727289863746 
0.056343 
0.067253 
1436828727299884274 
0.041327 
0.078366 
1436828727309916561 
0.048204 
0.089825 
1436828727319923211 
0.014011 
0.073635 
1436828727329934434 
-0.009355 
0.050914 
1436828727339811125 
0.067689 
0.067221 
1436828727349828489 
0.037515 
0.038586 
1436828727359847983 
0.055497 
0.176768 
1436828727369860257 
0.032956 
0.000171 
1436828727379892482 
0.049827 
0.107648 
1436828727389895198 
0.00035 
0.080734 
1436828727399909612 
0.039937 
0.053943 
1436828727409938428 
0.048002 
0.150069 
1436828727419956825 
-0.000704 
0.061377 
1436828727429823840 
0.04954 
0.095656 
1436828727439831441 
-0.002616 
0.146582 
1436828727449870995 
0.050768 
0.006121 
1436828727459871221 
0.073861 
0.10439 
1436828727469900756 
0.056704 
0.129604 
1436828727479920036 
-0.000475 
0.082998 
1436828727489930241 
0.006957 
0.115503 
1436828727499950299 
0.053605 
0.040727 
1436828727509954966 
0.002312 
0.074047 
1436828727519827648 
0.063226 
0.10886 
1436828727529845969 
0.074772 
0.066164 
1436828727539860163 
0.02989 
0.132604 
1436828727549896336 
0.074493 
0.108746 
1436828727559898187 
0.011757 
0.10694 
1436828727569922733 
-0.015115 
0.116607 
1436828727579929132 
0.030109 
0.062888 
1436828727589810068 
0.02784 
0.105637 
1436828727599825562 
0.042542 
0.047991 
1436828727609852233 
0.054942 
0.146891 
1436828727619859363 
0.022365 
0.073009 
1436828727629864223 
0.077058 
0.088278 
1436828727639900279 
-0.00169 
0.121568 
1436828727649913804 
0.047096 
0.089454 
1436828727659929536 
0.053838 
0.159018 
1436828727669832140 
-0.00255 
0.057653 
1436828727679822697 
0.042946 
0.054123 
1436828727689851284 
-0.016541 
0.08061 
1436828727699856708 
0.051106 
0.087692 
1436828727709874589 
0.018763 
0.105921 
1436828727719892947 
0.029438 
0.095938 
1436828727729899552 
0.015957 
0.101351 
1436828727739945534 
0.040325 
0.157327 
1436828727749809674 
0.059853 
0.116036 
1436828727759838820 
0.055509 
0.057287 
1436828727769848095 
-0.015122 
0.081367 
1436828727779871505 
0.041334 
0.082297 
1436828727789890896 
0.025337 
0.109523 
1436828727799890864 
0.020938 
0.118727 
1436828727809912178 
0.047453 
0.088626 
1436828727819926875 
0.066741 
0.101876 
1436828727829945091 
0.064225 
0.087284 
1436828727839830161 
-0.001162 
0.178703 
1436828727849836648 
0.042033 
0.059736 
1436828727859858140 
0.037226 
0.083597 
1436828727869880490 
-0.000447 
0.156882 
1436828727879879807 
0.040031 
0.032525 
1436828727889896441 
0.047878 
0.080889 
1436828727899918477 
0.033703 
0.121961 
1436828727909931929 
0.066192 
0.078026 
1436828727919957363 
0.032533 
0.045138 
1436828727929820020 
0.073352 
0.104091 
1436828727939865586 
-0.001145 
0.095295 
1436828727949852953 
0.007516 
0.087134 
1436828727959869698 
0.014792 
0.078901 
1436828727969893619 
0.032639 
0.068155 
1436828727979941341 
0.044094 
0.077202 
1436828727989924958 
0.029001 
0.130939 
1436828727999818949 
0.04206 
0.042496 
1436828728009944406 
0.055657 
0.066748 
1436828728019831587 
0.069128 
0.147079 
1436828728029857791 
0.051514 
0.057164 
1436828728039862183 
0.024518 
0.191921 
1436828728049879755 
0.005971 
0.11003 
1436828728059886556 
0.064761 
0.110995 
1436828728069911608 
0.01358 
0.126588 
1436828728079928098 
0.08987 
0.086255 
1436828728089945630 
0.033468 
0.032005 
1436828728099821495 
0.067885 
0.146769 
1436828728109845363 
0.030343 
0.089148 
1436828728119849467 
0.069853 
0.117483 
1436828728129863627 
0.03477 
0.067901 
1436828728139886977 
0.045728 
0.159922 
1436828728149903458 
0.041366 
0.070899 
1436828728159926476 
0.060005 
0.06948 
1436828728169946601 
0.025851 
0.124085 
1436828728179812738 
0.046815 
0.057093 
1436828728189827816 
0.017129 
0.092713 
1436828728199851321 
0.022289 
0.098098 
1436828728209868807 
0.033953 
0.14274 
1436828728219886044 
0.028377 
0.08663 
1436828728229893875 
0.056576 
0.088541 
1436828728239929283 
0.022798 
0.083699 
1436828728249781119 
0.041963 
0.074291 
1436828728259942324 
0.016129 
0.061756 
1436828728269831182 
0.04254 
0.120941 
1436828728279839959 
0.065708 
0.109698 
1436828728289862540 
0.053678 
0.117976 
1436828728299865434 
0.031977 
0.049843 
1436828728309883547 
0.049176 
0.099454 
1436828728319900635 
0.069045 
0.066709 
1436828728329919356 
0.092361 
0.100012 
1436828728339936133 
0.048907 
0.135751 
1436828728349814266 
0.013334 
0.055072 
1436828728359832878 
0.064615 
0.082088 
1436828728369847347 
0.025762 
0.050008 
1436828728379865449 
0.048861 
0.076728 
1436828728389883170 
0.035391 
0.081702 
1436828728399914145 
0.033945 
0.067557 
1436828728409919818 
0.006038 
0.057161 
1436828728419935464 
0.075047 
0.075906 
1436828728429956261 
0.080888 
0.062056 
1436828728439830203 
0.055127 
0.079241 
1436828728449848534 
0.079545 
0.067452 
1436828728459867819 
0.031334 
0.107665 
1436828728469890124 
0.021779 
0.092249 
1436828728479904087 
0.043858 
0.090926 
1436828728489932605 
0.015145 
0.112885 
1436828728499946262 
0.0514 
0.054767 
1436828728509807851 
0.03541 
0.151511 
1436828728519814414 
0.073134 
0.118313 
1436828728529856278 
0.048789 
0.125545 
1436828728539859977 
0.000214 
0.170873 
1436828728549885013 
0.05509 
0.061534 
1436828728559894972 
0.067174 
0.094945 
1436828728569902192 
0.088874 
0.117847 
1436828728579926815 
0.065488 
0.076622 
1436828728589940348 
0.062314 
0.110908 
1436828728599968359 
0.026237 
0.042862 
1436828728609833032 
0.021845 
0.103878 
1436828728619863204 
0.037132 
0.083716 
1436828728629866619 
0.04911 
0.023365 
1436828728639885720 
0.067909 
0.137779 
1436828728649926484 
0.034981 
0.073237 
1436828728659922183 
0.00013 
0.097588 
1436828728669945280 
0.042678 
0.052109 
1436828728679950655 
0.039615 
0.057153 
1436828728689825377 
0.077193 
0.20326 
1436828728699842312 
0.057994 
0.077714 
1436828728709821061 
-0.01158 
0.121311 
1436828728719876312 
0.012229 
0.070836 
1436828728729902324 
0.025441 
0.112085 
1436828728739925289 
0.030803 
0.108793 
1436828728749928914 
0.012988 
0.032066 
1436828728759948251 
0.0575 
0.071715 
1436828728769822657 
0.023147 
0.041926 
1436828728779867970 
0.011877 
0.066781 
1436828728789857290 
0.023194 
0.000808 
1436828728799875174 
0.069181 
0.080962 
1436828728809898699 
0.018708 
0.12493 
1436828728819912728 
0.073464 
0.087549 
1436828728829933378 
0.061153 
0.046903 
1436828728839956827 
0.021173 
0.008667 
1436828728849820227 
0.066208 
0.041387 
1436828728859838823 
0.066973 
0.046942 
1436828728869857013 
0.043688 
0.038288 
1436828728879874833 
0.026912 
0.145449 
1436828728889897112 
0.067877 
0.102896 
1436828728899908098 
0.050193 
0.099338 
1436828728909938347 
0.019019 
0.144371 
1436828728919955608 
0.017895 
0.03445 
1436828728929823409 
0.050574 
0.026947 
1436828728939866268 
0.06295 
0.084945 
1436828728949874955 
0.013658 
0.036675 
1436828728959877106 
0.033575 
0.067803 
1436828728969919960 
0.04976 
0.021788 
1436828728979914641 
0.040799 
0.085722 
1436828728989927054 
0.038721 
0.085073 
1436828728999822186 
0.090682 
0.105432 
1436828729009820902 
0.073038 
0.113309 
1436828729019835934 
0.057975 
0.120085 
1436828729029838695 
0.029753 
0.122705 
1436828729039863431 
0.036205 
0.122182 
1436828729049902830 
0.046222 
0.064743 
1436828729059891567 
0.087717 
0.082717 
1436828729069935207 
0.06255 
0.059247 
1436828729079939908 
0.029503 
0.151129 
1436828729089814890 
0.050637 
0.049917 
1436828729099842264 
0.039681 
0.089159 
1436828729109863215 
0.030514 
0.077505 
1436828729119875184 
0.085879 
0.068646 
1436828729129893868 
0.072653 
0.101327 
1436828729139909846 
0.08283 
0.19086 
1436828729149932226 
0.034332 
0.059888 
1436828729159809322 
0.046152 
0.072826 
1436828729169951167 
0.052132 
0.093705 
1436828729179829617 
0.027814 
0.087476 
1436828729189850559 
0.065097 
0.045356 
1436828729199857467 
0.040431 
0.081929 
1436828729209876507 
0.038705 
0.093813 
1436828729219890533 
0.040578 
0.109541 
