1436552689928919849 
0.392138964367 
1436552689946859946 
0.391389565465 
1436552689968059153 
0.391389565465 
1436552689992329291 
0.389857486045 
1436552690010383069 
0.389104257843 
1436552690030464384 
0.389104257843 
1436552690054943163 
0.387578942595 
1436552690072968342 
0.386632733994 
1436552690094065333 
0.386632733994 
1436552690115106826 
0.385114878641 
1436552690133006254 
0.384354153125 
1436552690154176384 
0.384354153125 
1436552690174299315 
0.382778984095 
1436552690198507340 
0.382014591775 
1436552690219482824 
0.381234462126 
1436552690240574529 
0.38030997525 
1436552690261819554 
0.379527395677 
1436552690283020627 
0.378738583585 
1436552690304211494 
0.377809161204 
1436552690322031405 
0.377037244519 
1436552690343003772 
0.377037244519 
1436552690367191627 
0.375444362449 
1436552690385055824 
0.374649474888 
1436552690406109666 
0.374649474888 
1436552690427176400 
0.373049701089 
1436552690448299936 
0.372141474683 
1436552690468539976 
0.371341874334 
1436552690489624436 
0.370514882265 
1436552690510626900 
0.369732617825 
1436552690528812180 
0.368949271708 
1436552690549963106 
0.368949271708 
1436552690574090749 
0.36734661224 
1436552690595319305 
0.366513955155 
1436552690615425958 
0.365562087869 
1436552690636642876 
0.364740047249 
1436552690657763720 
0.363930394805 
1436552690678787441 
0.36296085166 
1436552690699930542 
0.362148870534 
1436552690721060240 
0.361355411649 
1436552690738965516 
0.360514730074 
1436552690760067586 
0.360514730074 
1436552690781228145 
0.35888885562 
1436552690802348650 
0.358078879197 
1436552690822352550 
0.357092796345 
1436552690843305823 
0.356280757138 
1436552690865334373 
0.355426189756 
1436552690885476743 
0.354624350088 
1436552690906494258 
0.353787079206 
1436552690927659291 
0.352971335573 
1436552690948818809 
0.351326121914 
1436552690966833946 
0.351326121914 
1436552690987971001 
0.351326121914 
1436552691009143768 
0.349463092087 
1436552691030253772 
0.348654217616 
1436552691048375929 
0.347789697192 
1436552691068590883 
0.347789697192 
1436552691092790234 
0.346120544312 
1436552691113910295 
0.345252874252 
1436552691135103794 
0.344255218908 
1436552691156232666 
0.343409908002 
1436552691177287209 
0.342558556432 
1436552691198292936 
0.341742001294 
1436552691218481109 
0.340700529451 
1436552691239649706 
0.339845934331 
1436552691260683462 
0.339015871004 
1436552691281733228 
0.338139811852 
1436552691302814324 
0.337282260242 
1436552691323910815 
0.336449775918 
1436552691344944861 
0.33557080124 
1436552691362873821 
0.334560463526 
1436552691383959190 
0.334560463526 
1436552691405113793 
0.332843553705 
1436552691426176981 
0.331980149489 
1436552691447356503 
0.331086330325 
1436552691470668925 
0.330221038378 
1436552691491762275 
0.329184593807 
1436552691509816415 
0.328325371373 
1436552691531007457 
0.328325371373 
1436552691552194599 
0.326588148537 
1436552691572364921 
0.325689172989 
1436552691593508524 
0.324667079155 
1436552691614873337 
0.323813372452 
1436552691636112563 
0.322931457615 
1436552691657269426 
0.322038317438 
1436552691675328380 
0.321154820305 
1436552691698677819 
0.321154820305 
1436552691719773639 
0.319383743521 
1436552691737733762 
0.318335133279 
1436552691758935222 
0.318335133279 
1436552691779906834 
0.316588451575 
1436552691801023122 
0.315700293912 
1436552691818951601 
0.314800331001 
1436552691840147205 
0.314800331001 
1436552691861277006 
0.313028685696 
1436552691881338548 
0.311234478338 
1436552691902413982 
0.311234478338 
1436552691923510728 
0.310381065317 
1436552691944640037 
0.309476453794 
1436552691965704973 
0.308563139731 
1436552691987002910 
0.3074841617 
1436552692008058030 
0.306569340951 
1436552692025957923 
0.305681090425 
1436552692050164473 
0.305681090425 
1436552692067983070 
0.303914873961 
1436552692089026626 
0.303914873961 
1436552692110075090 
0.302333687622 
1436552692131143485 
0.302392419618 
1436552692152246539 
0.302744897531 
1436552692172475165 
0.303133807924 
1436552692193671013 
0.303567177258 
1436552692214994485 
0.303970303923 
1436552692236057701 
0.304490347862 
1436552692257161644 
0.304926124142 
1436552692277488625 
0.3053871243 
1436552692298485893 
0.305825902039 
1436552692319532395 
0.306233468149 
1436552692340644267 
0.306704701207 
1436552692361726161 
0.307232449618 
1436552692382956966 
0.307640173651 
1436552692400938198 
0.308064761368 
1436552692425282546 
0.308064761368 
1436552692443158247 
0.308923469489 
1436552692464367590 
0.308923469489 
1436552692487521965 
0.30984556554 
1436552692508654878 
0.31030303244 
1436552692526569538 
0.310671592132 
1436552692547634984 
0.310671592132 
1436552692568779286 
0.311553494657 
1436552692590018977 
0.311969487086 
1436552692611113291 
0.312485119887 
1436552692632297161 
0.312894715765 
1436552692652478353 
0.313312936769 
1436552692673652641 
0.313720710051 
1436552692694792647 
0.314133674094 
1436552692716053062 
0.314543928068 
1436552692737242214 
0.315074676877 
1436552692757538486 
0.315478867043 
1436552692775702011 
0.31589297307 
1436552692800027561 
0.31589297307 
1436552692817961077 
0.316793833938 
1436552692839222630 
0.316793833938 
1436552692860233855 
0.317646681771 
1436552692881287664 
0.318047534034 
1436552692902327438 
0.318479456863 
1436552692923304589 
0.318908651582 
1436552692943345724 
0.31933511682 
1436552692964370059 
0.319758851234 
1436552692985460848 
0.32025705932 
1436552693006547794 
0.320655458345 
1436552693027505783 
0.321070670181 
1436552693048668414 
0.321483145895 
1436552693069750074 
0.321907786808 
1436552693090758618 
0.32234246472 
1436552693111796635 
0.322841680754 
1436552693132944536 
0.323274691727 
1436552693150869877 
0.323669153462 
1436552693175313400 
0.323669153462 
1436552693193240099 
0.32461025442 
1436552693214358483 
0.32461025442 
1436552693237658422 
0.325430990898 
1436552693255656249 
0.325862574737 
1436552693276858168 
0.325862574737 
1436552693297964233 
0.326684270625 
1436552693319134122 
0.327088358933 
1436552693340229557 
0.327509235168 
1436552693361252192 
0.328028505068 
1436552693382352576 
0.328423820568 
1436552693402491570 
0.328853424111 
1436552693423650306 
0.329261027031 
1436552693444754994 
0.329685723724 
1436552693465918157 
0.330117452717 
1436552693486901197 
0.330617171753 
1436552693507970631 
0.331014182865 
1436552693525780356 
0.331437253379 
1436552693550057038 
0.331437253379 
1436552693568048958 
0.332362616269 
1436552693589126802 
0.332362616269 
1436552693610243278 
0.333199445524 
1436552693631285449 
0.333627855717 
1436552693651525488 
0.334053927114 
1436552693672628982 
0.334449865148 
1436552693693846149 
0.334851138738 
1436552693715047258 
0.335269495367 
1436552693736245897 
0.335777226718 
1436552693756510858 
0.336170456505 
1436552693780799795 
0.336626828953 
1436552693798768537 
0.337125293121 
1436552693819952603 
0.337125293121 
1436552693841008952 
0.337953058004 
1436552693861304806 
0.338378803939 
1436552693883386555 
0.338776040178 
1436552693903588239 
0.339217632867 
1436552693924710014 
0.339609884567 
1436552693945841647 
0.340112269244 
1436552693963800849 
0.340520701852 
1436552693984968823 
0.340520701852 
1436552694006165081 
0.341399958502 
1436552694027286777 
0.341826046293 
1436552694047327067 
0.342225227442 
1436552694069281625 
0.342646449847 
1436552694089478589 
0.343065157631 
1436552694110628298 
0.343542083986 
1436552694131706454 
0.344001870427 
1436552694152748745 
0.344412393283 
1436552694170716778 
0.344820397148 
1436552694191741293 
0.344820397148 
1436552694212790102 
0.345655987064 
1436552694230727529 
0.346080186321 
1436552694251739856 
0.346080186321 
1436552694276147787 
0.346900885849 
1436552694294068413 
0.347397359382 
1436552694315046820 
0.347397359382 
1436552694336228728 
0.348226727782 
1436552694354213490 
0.348658562581 
1436552694375148881 
0.348658562581 
1436552694396145537 
0.3494950206 
1436552694420264293 
0.349897750301 
1436552694441220804 
0.350375866259 
1436552694459124048 
0.350820045872 
1436552694480246491 
0.350820045872 
1436552694503403557 
0.351656323827 
1436552694524616134 
0.352048128852 
1436552694542491266 
0.352503390653 
1436552694566810433 
0.352503390653 
1436552694591168991 
0.35341888521 
1436552694612398785 
0.353826716112 
1436552694632659672 
0.354343124909 
1436552694650682731 
0.354745789228 
1436552694675035387 
0.354745789228 
1436552694699306482 
0.355672369891 
1436552694722627741 
0.356183221486 
1436552694743760740 
0.356575518416 
1436552694764979625 
0.357080290222 
1436552694786112026 
0.357486070085 
1436552694807119808 
0.357917131386 
1436552694830444254 
0.358432389909 
1436552694854655584 
0.358858339778 
1436552694875903081 
0.359834180511 
1436552694896948969 
0.359834180511 
1436552694918150865 
0.360271768189 
1436552694939384761 
0.360687473899 
1436552694965969827 
0.361210898291 
1436552694990239233 
0.361621451058 
1436552695011309402 
0.362138659613 
1436552695032314043 
0.362635887022 
1436552695050114502 
0.363055035022 
1436552695074206748 
0.363055035022 
1436552695097372237 
0.363960007748 
1436552695121618501 
0.36438509083 
1436552695142757716 
0.364969945686 
1436552695163863259 
0.365389825801 
1436552695185042591 
0.365792495207 
1436552695206089172 
0.366223121487 
1436552695227161861 
0.366720473725 
1436552695247467994 
0.367145964716 
1436552695266344256 
0.36754950096 
1436552695286320240 
0.36754950096 
1436552695307296817 
0.368385874048 
1436552695326258608 
0.368802028153 
1436552695347246971 
0.368802028153 
1436552695368258289 
0.369639285497 
1436552695388360780 
0.370060651837 
1436552695409507602 
0.370467413103 
1436552695427691798 
0.370884342091 
1436552695448737564 
0.370884342091 
1436552695473284555 
0.371744364668 
1436552695491349671 
0.372154659338 
1436552695511531599 
0.372154659338 
1436552695532734848 
0.37308474204 
1436552695556957010 
0.3735004884 
1436552695578190154 
0.374075493742 
1436552695596177576 
0.374922641749 
1436552695620269851 
0.374922641749 
1436552695640468257 
0.376990309949 
1436552695661593939 
0.378005806395 
1436552695679484608 
0.379033390847 
1436552695703742221 
0.379033390847 
1436552695721714990 
0.381058956011 
1436552695742760764 
0.381058956011 
1436552695763967982 
0.3832775039 
1436552695785022801 
0.384297821193 
1436552695806119380 
0.385316687768 
1436552695824145809 
0.386334090903 
1436552695847624134 
0.386334090903 
1436552695868627571 
0.388332702061 
1436552695886444919 
0.38951703602 
1436552695907477865 
0.38951703602 
1436552695931880081 
0.391550454775 
1436552695952888134 
0.392748500423 
1436552695974030600 
0.393767208651 
1436552695995081166 
0.394752210798 
1436552696016067346 
0.395787141832 
1436552696034064250 
0.396768913389 
1436552696055192340 
0.396768913389 
1436552696078492131 
0.398810738725 
1436552696096330094 
0.399819257062 
1436552696117465316 
0.399819257062 
1436552696138465419 
0.40201086962 
1436552696159651199 
0.403013739049 
1436552696180778335 
0.404014804363 
1436552696198756872 
0.405045435957 
1436552696222925204 
0.405045435957 
1436552696240884652 
0.407069549597 
1436552696261846921 
0.407069549597 
1436552696282915570 
0.409275024932 
1436552696307091019 
0.41030764498 
1436552696328249857 
0.411490526005 
1436552696346210562 
0.412486956693 
1436552696367324129 
0.412486956693 
1436552696390636931 
0.414536117552 
1436552696411690714 
0.415518927715 
1436552696429630950 
0.416506974956 
1436552696453744747 
0.416506974956 
1436552696471636902 
0.418773867297 
1436552696492930190 
0.418773867297 
1436552696514186758 
0.420756825706 
1436552696534337346 
0.421763718209 
1436552696555464706 
0.422791054421 
1436552696576577575 
0.423805412905 
1436552696597684912 
0.424797866405 
1436552696618891519 
0.425825157224 
1436552696640223163 
0.427013442645 
1436552696661215868 
0.428027889066 
1436552696682350185 
0.429047097449 
1436552696702503037 
0.430235900773 
1436552696720638679 
0.43124208284 
1436552696741568890 
0.43124208284 
1436552696765793342 
0.433275837976 
1436552696783693524 
0.434274045522 
1436552696805024078 
0.434274045522 
1436552696826187220 
0.436313122113 
1436552696846384464 
0.437495590254 
1436552696867640796 
0.43850376347 
1436552696888782048 
0.439496833612 
1436552696906850676 
0.440527818487 
1436552696928061316 
0.440527818487 
1436552696949026011 
0.442539827111 
1436552696973355783 
0.443521008235 
1436552696991294371 
0.444539674109 
1436552697014494380 
0.444539674109 
1436552697035623241 
0.446753916485 
1436552697056603150 
0.447790289576 
1436552697077634735 
0.448992531713 
1436552697098661952 
0.449989705719 
1436552697116680201 
0.451007864752 
1436552697137708511 
0.451007864752 
1436552697158794733 
0.453009365803 
1436552697176777693 
0.454032179864 
1436552697198024276 
0.454032179864 
1436552697219157420 
0.456051795554 
1436552697237157102 
0.457075744262 
1436552697257486805 
0.457075744262 
1436552697278634066 
0.459061038882 
1436552697299860943 
0.460080758752 
1436552697324099556 
0.461077252693 
1436552697342139149 
0.462302708249 
1436552697363192368 
0.462302708249 
1436552697384336688 
0.464312212448 
1436552697404334065 
0.465317330719 
1436552697423230653 
0.465317330719 
1436552697444238523 
0.467340007226 
1436552697467361832 
0.468370069157 
1436552697488510665 
0.469357702055 
1436552697509672078 
0.470578675873 
1436552697530860711 
0.471562266405 
1436552697551989893 
0.472572922279 
1436552697573175823 
0.473534861127 
1436552697594365427 
0.473478025395 
1436552697614472810 
0.472605939291 
1436552697635683913 
0.471601625244 
1436552697656775216 
0.470587009506 
1436552697674759450 
0.46956771432 
1436552697699110137 
0.46956771432 
1436552697717163845 
0.467527402472 
1436552697738273748 
0.467527402472 
1436552697758560269 
0.465329483003 
1436552697779891721 
0.46429294088 
1436552697800992334 
0.463283855834 
1436552697822152217 
0.46229683557 
1436552697843225663 
0.461259709838 
1436552697863515475 
0.460244916413 
1436552697884614592 
0.459075444244 
1436552697905884817 
0.458051937076 
1436552697926979762 
0.457051395667 
1436552697948078077 
0.455847747007 
1436552697968339720 
0.454831631334 
1436552697989485730 
0.453819116094 
1436552698010653390 
0.452822973643 
1436552698031741993 
0.451795833931 
1436552698049720124 
0.45078041495 
1436552698073910844 
0.45078041495 
1436552698091843157 
0.448771934071 
1436552698112969253 
0.448771934071 
1436552698133966082 
0.446563776598 
1436552698155198565 
0.44555154464 
1436552698176071523 
0.444555680617 
1436552698197148289 
0.443549332302 
1436552698218196190 
0.442527609757 
1436552698239234784 
0.441502752655 
1436552698260264784 
0.440312862567 
1436552698278178148 
0.439322155271 
1436552698299335130 
0.439322155271 
1436552698319559906 
0.437300276189 
1436552698340812944 
0.43628135788 
1436552698361928691 
0.435279125664 
1436552698383060003 
0.434274045522 
1436552698404206129 
0.433078309054 
1436552698425299176 
0.432047598489 
1436552698448467486 
0.431043524504 
1436552698469512409 
0.430056384701 
1436552698488351476 
0.428827879647 
1436552698509359779 
0.428827879647 
1436552698532468258 
0.426812788004 
1436552698550517892 
0.425825157224 
1436552698571592134 
0.425825157224 
1436552698592634519 
0.423793193345 
1436552698613874559 
0.422778829094 
1436552698634936296 
0.421590761584 
1436552698655931357 
0.420583494035 
1436552698677114923 
0.419561687139 
1436552698695145320 
0.41854980627 
1436552698718559774 
0.41854980627 
1436552698739712976 
0.416506974956 
1436552698760960958 
0.415312981083 
1436552698782182022 
0.414310184735 
1436552698800181184 
0.413317529205 
1436552698824364374 
0.413317529205 
1436552698842335691 
0.411294251468 
1436552698862328811 
0.411294251468 
1436552698884329033 
0.409046885151 
1436552698907546717 
0.408043597356 
1436552698925677830 
0.407050001909 
1436552698946822812 
0.407050001909 
1436552698967923505 
0.405045435957 
1436552698989027622 
0.404034029743 
1436552699010084851 
0.402814632151 
1436552699031087869 
0.401811442433 
1436552699052196018 
0.40080646401 
1436552699070123411 
0.399799709374 
1436552699091181694 
0.399799709374 
1436552699115299763 
0.397780921526 
1436552699136281134 
0.396781263994 
1436552699156468019 
0.395566235536 
1436552699177514176 
0.394550553286 
1436552699196349427 
0.39354570752 
1436552699216375127 
0.39354570752 
1436552699235242556 
0.391530907088 
1436552699256325971 
0.391530907088 
1436552699276462937 
0.38951026146 
1436552699297513407 
0.388497658318 
1436552699318495722 
0.387483551825 
1436552699339567392 
0.38629573637 
1436552699360568326 
0.385258841298 
1436552699378609586 
0.384284849799 
1436552699402876710 
0.384284849799 
1436552699420839539 
0.3822561553 
1436552699441967442 
0.3822561553 
1436552699463107027 
0.380221970406 
1436552699487337655 
0.379002557204 
1436552699505289211 
0.378000729872 
1436552699525573900 
0.378000729872 
1436552699549829966 
0.375988391755 
1436552699574109415 
0.374833421341 
1436552699598379225 
0.374449990592 
1436552699621619878 
0.375163731977 
1436552699642874421 
0.376362321791 
1436552699664024996 
0.377605638346 
1436552699685317988 
0.378588619536 
1436552699705446126 
0.379634925792 
1436552699729656757 
0.38083400192 
1436552699754075484 
0.381824960481 
1436552699775328404 
0.383084870886 
1436552699795497923 
0.384278273506 
1436552699816478744 
0.385297140081 
1436552699840651180 
0.386314543216 
1436552699864865173 
0.387521969362 
1436552699886103015 
0.388516582664 
1436552699907120706 
0.389752450753 
1436552699925100093 
0.390743706054 
1436552699949282667 
0.390743706054 
1436552699972462598 
0.392963266863 
1436552699996780842 
0.394171227265 
1436552700017915598 
0.395207131785 
1436552700039043516 
0.396410730566 
1436552700060075686 
0.397423354826 
1436552700081098419 
0.398402448097 
1436552700105350059 
0.399643567165 
1436552700128645467 
0.400650638941 
1436552700146514116 
0.401843205687 
1436552700167457986 
0.401843205687 
1436552700191597311 
0.403828236596 
1436552700215799265 
0.405057644785 
1436552700240065749 
0.406252602263 
1436552700261065188 
0.407278954203 
1436552700282079224 
0.408481064336 
1436552700300068321 
0.409503074452 
1436552700324276905 
0.409503074452 
1436552700347455867 
0.411729041306 
1436552700371637401 
0.412951583311 
1436552700392759724 
0.413945028695 
1436552700413873174 
0.416150898741 
1436552700434928744 
0.416150898741 
1436552700456024305 
0.417180386239 
1436552700480329921 
0.418357416778 
1436552700500357822 
0.419381976464 
1436552700521436744 
0.420595711987 
1436552700542533461 
0.421595653681 
1436552700560462630 
0.422600607103 
1436552700581518030 
0.422600607103 
1436552700602694834 
0.42461877794 
1436552700624155772 
0.425616594678 
1436552700647743131 
0.426634502569 
1436552700669192934 
0.427839938992 
1436552700687154315 
0.428852311802 
1436552700710486391 
0.428852311802 
1436552700728509238 
0.430857082658 
1436552700749718951 
0.430857082658 
1436552700770804554 
0.433070979332 
1436552700791978338 
0.434098879212 
1436552700813074387 
0.435094860093 
1436552700834100487 
0.43610984194 
1436552700855303777 
0.437109755757 
1436552700875494882 
0.438126343936 
1436552700896659401 
0.439343538841 
1436552700914605527 
0.440346371249 
1436552700935769757 
0.440346371249 
1436552700956896119 
0.442359496725 
1436552700978075392 
0.443369574442 
1436552700999175107 
0.444360470819 
1436552701020275551 
0.445385156052 
1436552701041355098 
0.446604027059 
1436552701062350480 
0.447593417683 
1436552701085708937 
0.44859914524 
1436552701103653271 
0.449609845071 
1436552701124629583 
0.449609845071 
1436552701145728500 
0.451835562342 
1436552701166802132 
0.452835190361 
1436552701187856046 
0.453831332905 
1436552701209016829 
0.454851179021 
1436552701226925384 
0.455879514686 
1436552701247919377 
0.457893182354 
1436552701268888916 
0.457893182354 
1436552701289835098 
0.458890695073 
1436552701310907267 
0.460107401474 
1436552701332055142 
0.461096449972 
1436552701353136304 
0.462108095832 
1436552701374365481 
0.463115679676 
1436552701394484866 
0.464145378015 
1436552701415666190 
0.465329544342 
1436552701436821381 
0.46634986782 
1436552701461096964 
0.467358489075 
1436552701479036390 
0.468370069157 
1436552701500003791 
0.468370069157 
1436552701521011815 
0.470584561539 
1436552701542187159 
0.471599789558 
1436552701560153497 
0.472610320687 
1436552701580347506 
0.472610320687 
1436552701604534467 
0.473558087701 
1436552701628816541 
0.472797370044 
1436552701653095145 
0.471601625244 
1436552701671070930 
0.470387043248 
1436552701692133061 
0.470387043248 
1436552701713142011 
0.468361622158 
1436552701737337709 
0.467135467856 
1436552701763854290 
0.466126354123 
1436552701784986687 
0.4649140817 
1436552701806027085 
0.463702055497 
1436552701824016495 
0.462690400166 
1436552701848283187 
0.462690400166 
1436552701871503410 
0.460479730671 
1436552701892606061 
0.459461800432 
1436552701913820231 
0.458242307786 
1436552701934844149 
0.457242522462 
1436552701956036208 
0.456238970493 
1436552701980248720 
0.455031728181 
1436552702003327920 
0.454012632177 
1436552702025330336 
0.452822973643 
1436552702045485415 
0.451581168121 
1436552702066473979 
0.450577256118 
1436552702090630723 
0.449597629142 
1436552702114877184 
0.448370012655 
1436552702136027874 
0.447363596142 
1436552702157077267 
0.446167324652 
1436552702175026271 
0.445145220593 
1436552702199308173 
0.445145220593 
1436552702222505967 
0.442928556035 
1436552702246786696 
0.441724259008 
1436552702267845326 
0.440696943285 
1436552702288754019 
0.439504162934 
1436552702309777454 
0.438491548694 
1436552702330794854 
0.437495590254 
1436552702355218494 
0.43628135788 
1436552702378486699 
0.435082638494 
1436552702402839571 
0.434077031291 
1436552702420957820 
0.432851400209 
1436552702442082391 
0.432851400209 
1436552702463200968 
0.430844860733 
1436552702489631434 
0.429621076137 
1436552702510869510 
0.428610702744 
1436552702528826186 
0.427409593117 
1436552702549929030 
0.427409593117 
1436552702574364145 
0.425385367862 
1436552702597668985 
0.424204633935 
1436552702622114375 
0.423000954506 
1436552702643380131 
0.421984718058 
1436552702663686449 
0.420774868791 
1436552702684891057 
0.419785295698 
1436552702706012432 
0.418761650459 
1436552702730317238 
0.417523417887 
1436552702753687803 
0.416332051122 
1436552702777868800 
0.415312981083 
1436552702795994467 
0.414096386185 
1436552702817181920 
0.414096386185 
1436552702838219684 
0.412095925971 
1436552702862340703 
0.410883554772 
1436552702880183466 
0.409871667027 
1436552702901219038 
0.409871667027 
1436552702922297900 
0.407858364081 
1436552702942376941 
0.406852729966 
1436552702961366305 
0.405844662775 
1436552702984577554 
0.405844662775 
1436552703002540904 
0.403816020692 
1436552703023594946 
0.403816020692 
1436552703044649339 
0.401612123138 
1436552703068927307 
0.400606762469 
1436552703089907171 
0.399399435203 
1436552703107912566 
0.398390229223 
1436552703132171830 
0.398390229223 
1436552703153341728 
0.396378961362 
1436552703173330291 
0.39517536451 
1436552703194514079 
0.39517536451 
1436552703215475665 
0.393153529349 
1436552703233432474 
0.392146485104 
1436552703254489901 
0.392146485104 
1436552703275480938 
0.390115036499 
1436552703296468574 
0.389115548246 
1436552703317582132 
0.388102331587 
1436552703335514949 
0.387087616413 
1436552703360009209 
0.387087616413 
1436552703377887392 
0.38508630052 
1436552703399043105 
0.38508630052 
1436552703420055432 
0.382867141168 
1436552703443490965 
0.38185718969 
1436552703464643426 
0.38065359769 
1436552703482559575 
0.379628391662 
1436552703503854434 
0.379628391662 
1436552703527324253 
0.37762014611 
1436552703546330801 
0.376616566467 
1436552703566442653 
0.376616566467 
1436552703590671394 
0.374703571103 
1436552703608611560 
0.374540591905 
1436552703629777940 
0.374540591905 
1436552703650830970 
0.376362321791 
1436552703671879960 
0.377366409387 
1436552703692924426 
0.37841434799 
1436552703710810814 
0.379408491682 
1436552703735284090 
0.379408491682 
1436552703753306119 
0.381458449458 
1436552703773498640 
0.381458449458 
1436552703794667152 
0.383675724963 
1436552703815768105 
0.38469545183 
1436552703833804099 
0.385713723121 
1436552703854868631 
0.385713723121 
1436552703879022640 
0.387745848126 
1436552703900180356 
0.388740128768 
1436552703920333016 
0.389956034255 
1436552703941474878 
0.390966499274 
1436552703962633307 
0.391975430245 
1436552703983641699 
0.393185295584 
1436552704004732237 
0.394171227265 
1436552704025728262 
0.395207131785 
1436552704046777652 
0.396189847252 
1436552704067748124 
0.39720284325 
1436552704085884470 
0.398233655486 
1436552704110199412 
0.398233655486 
1436552704128111356 
0.400419105961 
1436552704149316867 
0.400419105961 
1436552704169482074 
0.402440890917 
1436552704188355161 
0.403442988679 
1436552704208303580 
0.403442988679 
1436552704230277296 
0.405473098602 
1436552704253329307 
0.406469666178 
1436552704274426537 
0.40750781763 
1436552704295525785 
0.408697233121 
1436552704316541586 
0.409699276061 
1436552704340734573 
0.410731056493 
1436552704358594302 
0.411943859868 
1436552704379626924 
0.411943859868 
1436552704400660293 
0.413945028695 
1436552704421664197 
0.414936396025 
1436552704442805934 
0.415968511189 
1436552704460581399 
0.416955613307 
1436552704484824093 
0.416955613307 
1436552704502709159 
0.419170402902 
1436552704523877922 
0.419170402902 
1436552704544978706 
0.421201332567 
1436552704569180578 
0.422199880358 
1436552704592569792 
0.423405810338 
1436552704616939135 
0.424638325627 
1436552704640464848 
0.425616594678 
1436552704661944092 
0.426854788758 
1436552704679929973 
0.428057579881 
1436552704701017766 
0.428057579881 
1436552704727629376 
0.430049049779 
1436552704751920139 
0.431271504524 
1436552704772978624 
0.432274986417 
1436552704794152626 
0.433502495835 
1436552704812132599 
0.434480556678 
1436552704835331396 
0.434480556678 
1436552704859530658 
0.436721449326 
1436552704883908499 
0.437914743211 
1436552704904992534 
0.438938285055 
1436552704926123485 
0.440123967498 
1436552704947332652 
0.44115307224 
1436552704967374240 
0.442138394637 
1436552704991613360 
0.443369574442 
1436552705015888921 
0.444360470819 
1436552705040101350 
0.446794145545 
1436552705058073429 
0.446794145545 
1436552705079133832 
0.446794145545 
1436552705102554934 
0.448803705666 
1436552705126980024 
0.450029618842 
1436552705151313248 
0.451035461203 
1436552705172343912 
0.45243894317 
1436552705190254993 
0.453463876452 
1436552705210506451 
0.453463876452 
1436552705231597852 
0.455468136437 
1436552705252730189 
0.456482016054 
1436552705270643046 
0.457504355688 
1436552705294802915 
0.457504355688 
1436552705318925738 
0.459695262919 
1436552705343284533 
0.460908232584 
1436552705366454287 
0.462108095832 
1436552705390766610 
0.463115679676 
1436552705414862931 
0.464350593447 
1436552705432797997 
0.465559837019 
1436552705453920425 
0.465559837019 
1436552705478098306 
0.467574679302 
1436552705499321389 
0.468779575022 
1436552705519752546 
0.469790948019 
1436552705540885683 
0.470784466389 
1436552705561903258 
0.472003424451 
1436552705579932274 
0.472974747829 
1436552705601150153 
0.472974747829 
1436552705622381243 
0.473316025043 
1436552705642714291 
0.472407686121 
1436552705667036911 
0.471402523106 
1436552705684935948 
0.4701810302 
1436552705705881740 
0.4701810302 
1436552705730149265 
0.468134101579 
1436552705751370967 
0.466952147845 
1436552705769276806 
0.465916255362 
1436552705790336664 
0.465916255362 
1436552705811397198 
0.463888017664 
1436552705831578028 
0.462903490152 
1436552705852640650 
0.4618762316 
1436552705876826644 
0.460876138615 
1436552705897913948 
0.459859775241 
1436552705918993156 
0.458649469524 
1436552705940154994 
0.457453045171 
1436552705961380899 
0.456423220153 
1436552705984694411 
0.455436374743 
1436552706002710171 
0.45421332327 
1436552706023818863 
0.45421332327 
1436552706045022681 
0.452192960402 
1436552706066188899 
0.451191187948 
1436552706084112182 
0.450185954833 
1436552706105171996 
0.450185954833 
1436552706128493668 
0.448165167036 
1436552706149665819 
0.447158074089 
1436552706170736035 
0.44594875746 
1436552706191789583 
0.444954143984 
1436552706212910182 
0.443949039742 
1436552706233991175 
0.442720053584 
1436552706255109697 
0.441724259008 
1436552706276061042 
0.440696943285 
1436552706297127262 
0.439726966702 
1436552706318275322 
0.43871498622 
1436552706336174241 
0.437678581289 
1436552706359340159 
0.437678581289 
1436552706378211537 
0.435463290636 
1436552706399243611 
0.435463290636 
1436552706420188609 
0.433461049241 
1436552706441215528 
0.432480255485 
1436552706459245526 
0.431447878095 
1436552706479338245 
0.431447878095 
1436552706503649837 
0.429433918807 
1436552706528056617 
0.42842304487 
1436552706545945741 
0.427209125055 
1436552706567211783 
0.427209125055 
1436552706590536750 
0.425196145927 
1436552706608699610 
0.423995297311 
1436552706629971798 
0.423995297311 
1436552706651117464 
0.421984718058 
1436552706672247421 
0.420978376047 
1436552706690342353 
0.419977041199 
1436552706710518218 
0.419977041199 
1436552706734827852 
0.41794059999 
1436552706752879414 
0.416719731093 
1436552706774021690 
0.416719731093 
1436552706795141840 
0.414730191156 
1436552706816174406 
0.413707611663 
1436552706834159391 
0.412681904095 
1436552706855237988 
0.412681904095 
1436552706878503194 
0.410656080007 
1436552706902650618 
0.409687053783 
1436552706920496610 
0.408468853408 
1436552706941689316 
0.408468853408 
1436552706965885956 
0.406457447127 
1436552706986959703 
0.405262974258 
1436552707011168443 
0.404034029743 
1436552707034449964 
0.403001526077 
1436552707065080077 
0.401811442433 
1436552707086149015 
0.400375214504 
1436552707110365792 
0.399179662462 
1436552707133529963 
0.397981671914 
1436552707157839332 
0.396970036889 
1436552707178877099 
0.395566235536 
1436552707199986102 
0.394550553286 
1436552707221018377 
0.393557931256 
1436552707238918305 
0.392538924311 
1436552707259944862 
0.392538924311 
1436552707281095934 
0.390521348596 
1436552707302106456 
0.38951026146 
1436552707328623545 
0.388325991727 
1436552707352835734 
0.387087616413 
1436552707373946360 
0.385879538893 
1436552707400510753 
0.384894161875 
1436552707421776916 
0.383682356237 
1436552707442908673 
0.382448976535 
1436552707460841150 
0.381458966038 
1436552707485151835 
0.381458966038 
1436552707506231652 
0.379241273053 
1436552707527312279 
0.378227522825 
1436552707545260149 
0.377199093151 
1436552707565471033 
0.377199093151 
1436552707586590960 
0.375210451896 
1436552707607647233 
0.374475744694 
1436552707628584727 
0.374664283526 
1436552707649612140 
0.375552866854 
1436552707670585548 
0.376783911886 
1436552707688477298 
0.377799654761 
1436552707709594476 
0.377799654761 
1436552707730817940 
0.379821088183 
1436552707751950905 
0.38083400192 
1436552707773056225 
0.381824960481 
1436552707794158153 
0.382847296728 
1436552707815316182 
0.38410545521 
1436552707835523710 
0.385124591238 
1436552707859728540 
0.386110510778 
1436552707877795029 
0.387126711788 
1436552707898925150 
0.387126711788 
1436552707920033213 
0.38932609203 
1436552707941063871 
0.390337516101 
1436552707962164320 
0.391379633796 
1436552707983277887 
0.392368390009 
1436552708003472126 
0.393355594746 
1436552708024574981 
0.394392828449 
1436552708045614647 
0.395598007562 
1436552708066652386 
0.396580075827 
1436552708087763296 
0.39761193994 
1436552708108840312 
0.398803401817 
1436552708130023765 
0.399831470009 
1436552708151191165 
0.40083822624 
1436552708172318504 
0.401843205687 
1436552708190304622 
0.402826848171 
1436552708210333359 
0.402826848171 
1436552708234505890 
0.404878750566 
1436552708252378154 
0.405869096777 
1436552708273519355 
0.405869096777 
1436552708294499039 
0.408086989573 
1436552708315495555 
0.409109757403 
1436552708336460640 
0.410123180637 
1436552708357505828 
0.411141905979 
1436552708378787554 
0.4121081468 
1436552708399999354 
0.413146341701 
1436552708417908602 
0.41436535905 
1436552708442115158 
0.41436535905 
1436552708463142985 
0.416344272761 
1436552708484259415 
0.417566138793 
1436552708505330955 
0.418562018617 
1436552708523285789 
0.419573908966 
1436552708546501229 
0.419573908966 
1436552708567631408 
0.421595653681 
1436552708585627248 
0.422600607103 
1436552708609939668 
0.422600607103 
1436552708627952516 
0.424827816823 
1436552708648989372 
0.424827816823 
1436552708670083600 
0.426854788758 
1436552708691221883 
0.427839938992 
1436552708709122390 
0.428852311802 
1436552708730300492 
0.428852311802 
1436552708753515289 
0.430857082658 
1436552708774852729 
0.431842115548 
1436552708792921032 
0.433070979332 
1436552708814200191 
0.433070979332 
1436552708835340586 
0.435094860093 
1436552708853353455 
0.43610984194 
1436552708876612214 
0.43610984194 
1436552708897823432 
0.438126343936 
1436552708918996707 
0.439132711234 
1436552708940076666 
0.440346371249 
1436552708961276548 
0.44133407397 
1436552708984478200 
0.442359496725 
1436552709002491076 
0.443561546702 
1436552709023678641 
0.443561546702 
1436552709044883308 
0.445563764827 
1436552709065925626 
0.446604027059 
1436552709087021679 
0.44761296537 
1436552709108013769 
0.44859914524 
1436552709129048447 
0.449609845071 
1436552709150165516 
0.450617107908 
1436552709168057731 
0.451835562342 
1436552709189137983 
0.451835562342 
1436552709210176031 
0.453831332905 
1436552709231292136 
0.45486339081 
1436552709249140402 
0.455879514686 
1436552709270286216 
0.455879514686 
1436552709291291385 
0.457893182354 
1436552709312296469 
0.458890695073 
1436552709330212872 
0.45987220917 
1436552709351313473 
0.45987220917 
1436552709371339594 
0.461920666412 
1436552709395605715 
0.462929041675 
1436552709416828034 
0.463913794073 
1436552709437995392 
0.4651446756 
1436552709459110216 
0.466146272562 
1436552709480127790 
0.467175271601 
1436552709501138902 
0.468370069157 
1436552709519120948 
0.469395492214 
1436552709540264812 
0.469395492214 
1436552709563701073 
0.471394805036 
1436552709581718625 
0.472406325832 
1436552709602856834 
0.472406325832 
1436552709623975606 
0.473620395225 
1436552709645020598 
0.472995285141 
1436552709666026893 
0.471806263276 
1436552709687215349 
0.470792634449 
1436552709707340460 
0.469774322503 
1436552709726371626 
0.468751345762 
1436552709749846823 
0.468751345762 
1436552709771025773 
0.466723265886 
1436552709792199695 
0.465540143615 
1436552709813377173 
0.464524085275 
1436552709833550574 
0.46351593697 
1436552709854645152 
0.462483921774 
1436552709875812252 
0.461259709838 
1436552709893831432 
0.460244916413 
1436552709915091243 
0.460244916413 
1436552709938366974 
0.458242307786 
1436552709959683006 
0.457051395667 
1436552709980847230 
0.45603977331 
1436552709998927591 
0.455031728181 
1436552710023172186 
0.455031728181 
1436552710044276791 
0.453009365803 
1436552710064469983 
0.451795833931 
1436552710085492992 
0.45078041495 
1436552710109713345 
0.449754214592 
1436552710127695086 
0.448771934071 
1436552710148829031 
0.448771934071 
1436552710170022595 
0.446563776598 
1436552710191179280 
0.44555154464 
1436552710212341799 
0.444555680617 
1436552710232600935 
0.443549332302 
1436552710253763696 
0.442527609757 
1436552710274762241 
0.441502752655 
1436552710295837151 
0.440293314879 
1436552710316912232 
0.439322155271 
1436552710337937508 
0.438308997303 
1436552710355846447 
0.437300276189 
1436552710379966778 
0.437300276189 
1436552710397899958 
0.435279125664 
1436552710422246565 
0.435279125664 
1436552710440236046 
0.433078309054 
1436552710461193229 
0.433078309054 
1436552710484469976 
0.431043524504 
1436552710502348879 
0.430056384701 
1436552710524344159 
0.430056384701 
1436552710547536407 
0.427815507898 
1436552710568613875 
0.426812788004 
1436552710589734185 
0.425594041383 
1436552710607700242 
0.424596147336 
1436552710628821072 
0.424596147336 
1436552710653203403 
0.422588385844 
1436552710674376038 
0.421590761584 
1436552710694691406 
0.420392025374 
1436552710712665846 
0.419369759044 
1436552710737066446 
0.419369759044 
1436552710758127926 
0.417330573964 
1436552710779313286 
0.416138681851 
1436552710799347750 
0.415119158117 
1436552710820479816 
0.414096386185 
1436552710841613274 
0.413103300253 
1436552710859680663 
0.413103300253 
1436552710883936826 
0.412095925971 
1436552710901863075 
0.412095925971 
1436552710922903488 
0.410079927571 
1436552710943934106 
0.407877911769 
1436552710965163167 
0.406852729966 
1436552710983053022 
0.405844662775 
1436552711004232802 
0.405844662775 
1436552711027358152 
0.403835568379 
1436552711051654172 
0.402814632151 
1436552711069595319 
0.401612123138 
1436552711090653365 
0.401612123138 
1436552711111799583 
0.399587409364 
1436552711132898767 
0.398390229223 
1436552711153912771 
0.39735972974 
1436552711175012724 
0.396378961362 
1436552711196059122 
0.395364619958 
1436552711214035584 
0.394361058909 
1436552711235142414 
0.394361058909 
1436552711255317447 
0.392336622449 
1436552711276490247 
0.391340538421 
1436552711297603999 
0.390330695654 
1436552711318594385 
0.389115548246 
1436552711339676829 
0.388102331587 
1436552711357608230 
0.387087616413 
1436552711378659266 
0.387087616413 
1436552711402909390 
0.38508630052 
1436552711424002390 
0.384047673238 
1436552711444995024 
0.382867141168 
1436552711466033732 
0.38185718969 
1436552711487016200 
0.380846826639 
1436552711508195795 
0.379628391662 
1436552711529230631 
0.378615134521 
1436552711550294862 
0.37762014611 
1436552711570495147 
0.376616566467 
1436552711591606504 
0.375599513588 
1436552711609666597 
0.374684023415 
1436552711633855369 
0.374684023415 
1436552711658179005 
0.3753583223 
1436552711679161141 
0.376362321791 
1436552711700359457 
0.377605638346 
1436552711720532847 
0.378600809762 
1436552711741819756 
0.379602064259 
1436552711766106532 
0.38083400192 
1436552711789540302 
0.381824960481 
1436552711810760876 
0.383084870886 
1436552711831888764 
0.384297821193 
1436552711852969618 
0.385297140081 
1436552711874316845 
0.386314543216 
1436552711900621631 
0.387521969362 
1436552711921753049 
0.388516582664 
1436552711942908137 
0.389752450753 
1436552711960827451 
0.390743706054 
1436552711985263990 
0.390743706054 
1436552712008695571 
0.392963266863 
1436552712032964624 
0.394171227265 
1436552712053976692 
0.395207131785 
1436552712074509046 
0.396410730566 
1436552712095772581 
0.397423354826 
1436552712116768228 
0.398402448097 
1436552712140912709 
0.399643567165 
1436552712165070097 
0.400650638941 
1436552712186040510 
0.401843205687 
1436552712204025733 
0.403045250864 
1436552712227549955 
0.403045250864 
1436552712251901738 
0.405057644785 
1436552712273016825 
0.406252602263 
1436552712297155960 
0.407278954203 
1436552712315075495 
0.408481064336 
1436552712336213586 
0.408481064336 
1436552712359568066 
0.410503514055 
1436552712383937891 
0.411729041306 
1436552712408059272 
0.412951583311 
1436552712429248728 
0.413945028695 
1436552712449334730 
0.415142506679 
1436552712470495693 
0.416131351053 
1436552712491575343 
0.417160838551 
1436552712515788882 
0.418357416778 
1436552712537150922 
0.419381976464 
1436552712555300308 
0.420595711987 
1436552712578779247 
0.420595711987 
1436552712600050256 
0.422600607103 
1436552712620347305 
0.423805412905 
1436552712641487894 
0.424827816823 
1436552712662655741 
0.425817825028 
1436552712683839323 
0.426854788758 
1436552712705079854 
0.427839938992 
1436552712723182033 
0.428852311802 
1436552712746473455 
0.428852311802 
1436552712764357910 
0.430857082658 
1436552712785448417 
0.430857082658 
1436552712806530474 
0.433070979332 
1436552712827792012 
0.434098879212 
1436552712848934952 
0.435094860093 
1436552712870021622 
0.43610984194 
1436552712891079382 
0.437109755757 
1436552712909064401 
0.438126343936 
1436552712930113485 
0.438126343936 
1436552712951246755 
0.440346371249 
1436552712972232463 
0.44133407397 
1436552712993223833 
0.442359496725 
1436552713014280635 
0.443369574442 
1436552713035225959 
0.444360470819 
1436552713058374302 
0.445583312515 
1436552713077253333 
0.446604027059 
1436552713097369362 
0.446604027059 
1436552713121725214 
0.44859914524 
1436552713139628062 
0.449609845071 
1436552713160670647 
0.449609845071 
1436552713181585479 
0.451835562342 
1436552713202602255 
0.452835190361 
1436552713223778347 
0.453831332905 
1436552713244942037 
0.454851179021 
1436552713262955641 
0.455879514686 
1436552713284036483 
0.455879514686 
1436552713305172058 
0.457893182354 
1436552713326264984 
0.458890695073 
1436552713347312747 
0.460107401474 
1436552713365280225 
0.461096449972 
1436552713388447898 
0.461096449972 
1436552713409490168 
0.463115679676 
1436552713430553144 
0.464145378015 
1436552713451641069 
0.465329544342 
1436552713472759938 
0.46634986782 
1436552713497196850 
0.467358489075 
1436552713515060748 
0.468370069157 
1436552713536284906 
0.468370069157 
1436552713556495656 
0.470584561539 
1436552713577873703 
0.471599789558 
1436552713599143754 
0.472610320687 
1436552713617319857 
0.473449269334 
1436552713640741533 
0.473449269334 
1436552713665276502 
0.472586391607 
1436552713688613051 
0.471601625244 
1436552713706712819 
0.470387043248 
1436552713728093330 
0.470387043248 
1436552713749278514 
0.468361622158 
1436552713775880244 
0.467135467856 
1436552713797024663 
0.466126354123 
1436552713818169388 
0.4649140817 
1436552713839369371 
0.463702055497 
1436552713859521566 
0.462690400166 
1436552713883677919 
0.461681346607 
1436552713907935024 
0.460479730671 
1436552713928968726 
0.459461800432 
1436552713950093537 
0.458242307786 
1436552713968070981 
0.457242522462 
1436552713992293909 
0.457242522462 
1436552714015679254 
0.455031728181 
1436552714039953868 
0.453819116094 
1436552714061014627 
0.452822973643 
1436552714082179266 
0.451608699197 
1436552714103296183 
0.450577256118 
1436552714126464412 
0.449597629142 
1436552714150733127 
0.448370012655 
1436552714171905389 
0.447363596142 
1436552714196142162 
0.446167324652 
1436552714214135840 
0.444954143984 
1436552714235380709 
0.444954143984 
1436552714258694743 
0.442928556035 
1436552714283033620 
0.441724259008 
1436552714304164134 
0.440696943285 
1436552714325243817 
0.439504162934 
1436552714343078672 
0.438491548694 
1436552714367291921 
0.438491548694 
1436552714390681187 
0.43628135788 
1436552714414924194 
0.435082638494 
1436552714435913367 
0.434077031291 
1436552714457210467 
0.432851400209 
1436552714478251879 
0.431849442537 
1436552714501618724 
0.430844860733 
1436552714525745811 
0.429621076137 
1436552714547091847 
0.428610702744 
1436552714567344704 
0.427439330308 
1436552714588648014 
0.426234668595 
1436552714609923162 
0.425196145927 
1436552714634178436 
0.424204633935 
1436552714657333469 
0.423000954506 
1436552714678339332 
0.421984718058 
1436552714699595578 
0.420774868791 
1436552714720756573 
0.419785295698 
1436552714741914819 
0.418761650459 
1436552714766166947 
0.417523417887 
1436552714789514305 
0.416332051122 
1436552714813683181 
0.415312981083 
1436552714831717033 
0.414096386185 
1436552714852816612 
0.414096386185 
1436552714873906352 
0.412095925971 
1436552714894934895 
0.410883554772 
1436552714915970262 
0.409852119339 
1436552714936365235 
0.408850428219 
1436552714957485666 
0.407858364081 
1436552714978572050 
0.406852729966 
1436552714996548455 
0.405844662775 
1436552715020811925 
0.405844662775 
1436552715038598729 
0.403816020692 
1436552715059641541 
0.403816020692 
1436552715080853929 
0.401612123138 
1436552715102038603 
0.400606762469 
1436552715123305362 
0.399587409364 
1436552715144364954 
0.398558968189 
1436552715167614809 
0.397580169623 
1436552715188743830 
0.396378961362 
1436552715209723329 
0.39517536451 
1436552715230783292 
0.394139464815 
1436552715248688887 
0.393153529349 
1436552715269938373 
0.393153529349 
1436552715291164257 
0.391105672512 
1436552715312203451 
0.390115036499 
1436552715333131204 
0.389115548246 
1436552715351113504 
0.388102331587 
1436552715372280441 
0.388102331587 
1436552715395449413 
0.386103919669 
1436552715413455452 
0.38508630052 
1436552715434622029 
0.38508630052 
1436552715455693417 
0.382867141168 
1436552715476770580 
0.38185718969 
1436552715497885785 
0.380846826639 
1436552715519054127 
0.379821879436 
1436552715537024546 
0.378808869533 
1436552715558185525 
0.378808869533 
1436552715579343411 
0.376810788493 
1436552715599495347 
0.375793975656 
1436552715620462388 
0.374703571103 
1436552715641504527 
0.374449990592 
1436552715659481719 
0.375163731977 
1436552715683802611 
0.375163731977 
1436552715705014039 
0.377172290113 
1436552715722915986 
0.378187546874 
1436552715747288466 
0.378187546874 
1436552715765259154 
0.380434171634 
1436552715785519664 
0.380434171634 
1436552715806793469 
0.382481312374 
1436552715827790650 
0.383470087547 
1436552715849092002 
0.384470589661 
1436552715867135961 
0.385489186322 
1436552715890495451 
0.385489186322 
1436552715911709426 
0.387745848126 
1436552715929666667 
0.388740128768 
1436552715950787052 
0.388740128768 
1436552715971898180 
0.390763253742 
1436552715992938896 
0.39175297741 
1436552716010822776 
0.392773303221 
1436552716035209594 
0.392773303221 
1436552716058334859 
0.394796443335 
1436552716077288838 
0.396000834598 
1436552716098348538 
0.396000834598 
1436552716121563627 
0.398013434339 
1436552716139485456 
0.399243176029 
1436552716160667982 
0.399243176029 
1436552716181776505 
0.401225312656 
1436552716202795566 
0.402229590465 
1436552716223874966 
0.403275783675 
1436552716245015789 
0.404276396109 
1436552716266070888 
0.405275189009 
1436552716287257530 
0.406469666178 
1436552716305292093 
0.40750781763 
1436552716326299156 
0.40750781763 
1436552716347329015 
0.409503074452 
1436552716365203912 
0.410503514055 
1436552716386300913 
0.410503514055 
1436552716409671185 
0.412530041562 
1436552716430784408 
0.413524342108 
1436552716451943746 
0.414742408763 
1436552716473048187 
0.415774971938 
1436552716497316793 
0.416762510824 
1436552716514296256 
0.417983289601 
1436552716535367027 
0.417983289601 
1436552716556523318 
0.41998925899 
1436552716577614819 
0.420990589715 
1436552716598631938 
0.421996939851 
1436552716619776618 
0.423013170996 
1436552716640797069 
0.424037523176 
1436552716665128673 
0.425218728739 
1436552716686297767 
0.426227330846 
1436552716706545570 
0.427431997593 
1436552716727647755 
0.428464914311 
1436552716748816197 
0.429475704908 
1436552716773110191 
0.430670542223 
1436552716799716076 
0.431842115548 
1436552716820806644 
0.432885568769 
1436552716841937729 
0.434098879212 
1436552716860017170 
0.435094860093 
1436552716883354149 
0.435094860093 
1436552716907610653 
0.437292949925 
1436552716931840312 
0.438321209674 
1436552716952943340 
0.439537744476 
1436552716974254074 
0.440749962929 
1436552716992349621 
0.441736476616 
1436552717015842904 
0.441736476616 
1436552717040276733 
0.443961253626 
1436552717061314493 
0.444978577656 
1436552717081304075 
0.446179541181 
1436552717102483004 
0.446179541181 
1436552717123667003 
0.448205258403 
1436552717147979624 
0.449393633728 
1436552717171363596 
0.450617107908 
1436552717195666924 
0.451835562342 
1436552717216747307 
0.452835190361 
1436552717234677527 
0.453831332905 
1436552717255756602 
0.453831332905 
1436552717276803993 
0.455879514686 
1436552717294791208 
0.456891892529 
1436552717318939083 
0.456891892529 
1436552717339926488 
0.45908779393 
1436552717360932832 
0.460107401474 
1436552717381929548 
0.461096449972 
1436552717402923434 
0.462108095832 
1436552717427253617 
0.463347996243 
1436552717448271330 
0.464350593447 
1436552717469305696 
0.465559837019 
1436552717490319926 
0.466579216723 
1436552717513583658 
0.467574679302 
1436552717534669883 
0.468779575022 
1436552717555771414 
0.469790948019 
1436552717576840178 
0.470784466389 
1436552717597953938 
0.472003424451 
1436552717615725476 
0.472974747829 
1436552717636646222 
0.472974747829 
1436552717657572236 
0.473316025043 
1436552717681824200 
0.472407686121 
1436552717700034571 
0.471402523106 
1436552717721098807 
0.471402523106 
1436552717742181725 
0.46915989277 
1436552717765323345 
0.468134101579 
1436552717784322180 
0.466952147845 
1436552717804641371 
0.466952147845 
1436552717825697533 
0.4649140817 
1436552717846989125 
0.463888017664 
1436552717865013449 
0.462891253141 
1436552717886168465 
0.462891253141 
1436552717909516388 
0.460876138615 
1436552717930776375 
0.459859775241 
1436552717951932482 
0.458649469524 
1436552717972950842 
0.45765119108 
1436552717990922234 
0.45664182367 
1436552718012107032 
0.45664182367 
1436552718032354647 
0.454619162619 
1436552718056820469 
0.453618123483 
1436552718078157711 
0.452609041897 
1436552718098534229 
0.451393904289 
1436552718119794360 
0.450389383597 
1436552718141000110 
0.449381414676 
1436552718162152684 
0.448165167036 
1436552718180076775 
0.447158074089 
1436552718201260064 
0.447158074089 
1436552718221494881 
0.445145220593 
1436552718242753596 
0.444128467456 
1436552718260607477 
0.443120774807 
1436552718284937499 
0.443120774807 
1436552718305987095 
0.441100089518 
1436552718327110821 
0.439908752912 
1436552718348320217 
0.438897317167 
1436552718371547655 
0.437902531672 
1436552718389473716 
0.436680283784 
1436552718410667831 
0.436680283784 
1436552718431891393 
0.434672467031 
1436552718453023072 
0.433646160734 
1436552718474082540 
0.432665877548 
1436552718492022126 
0.431663411345 
1436552718515352698 
0.431663411345 
1436552718534263088 
0.429433918807 
1436552718554377273 
0.429433918807 
1436552718575471292 
0.427439330308 
1436552718596486563 
0.426423398015 
1436552718617534631 
0.425385367862 
1436552718635467289 
0.424394327318 
1436552718659855288 
0.424394327318 
1436552718680998972 
0.422397847778 
1436552718702053732 
0.421189114665 
1436552718720035108 
0.420168693071 
1436552718741224406 
0.420168693071 
1436552718762178803 
0.418152718338 
1436552718783311383 
0.417137637604 
1436552718806680099 
0.416138681851 
1436552718827812114 
0.415119158117 
1436552718848894887 
0.413902044362 
1436552718866944443 
0.412896308868 
1436552718890390961 
0.412896308868 
1436552718911738631 
0.410656080007 
1436552718929729157 
0.409687053783 
1436552718950909456 
0.409687053783 
1436552718972174620 
0.407661419563 
1436552718993277736 
0.406623607066 
1436552719014288503 
0.405646914762 
1436552719035358775 
0.404648838644 
1436552719061633093 
0.403430775734 
1436552719082892761 
0.402428678072 
1436552719100898173 
0.401193546901 
1436552719122035487 
0.401193546901 
1436552719146281133 
0.399179662462 
1436552719169507537 
0.397981671914 
1436552719193715719 
0.396970036889 
1436552719214819742 
0.395566235536 
1436552719235875842 
0.394550553286 
1436552719253809320 
0.393557931256 
1436552719274922510 
0.393557931256 
1436552719295927895 
0.391530907088 
1436552719313841073 
0.390521348596 
1436552719338332918 
0.390521348596 
1436552719358320910 
0.388325991727 
1436552719377240551 
0.388325991727 
1436552719398186222 
0.38629573637 
1436552719422341737 
0.385258841298 
1436552719445651422 
0.384284849799 
1436552719469839642 
0.383072027768 
1436552719487811593 
0.38185718969 
1436552719508943737 
0.38185718969 
1436552719530008574 
0.379821879436 
1436552719551217521 
0.378615134521 
1436552719572320715 
0.37762014611 
1436552719592499771 
0.376616566467 
1436552719613690174 
0.375599513588 
1436552719634948801 
0.374684023415 
1436552719656094527 
0.374449990592 
1436552719677047785 
0.375163731977 
1436552719698382899 
0.376362321791 
1436552719718488020 
0.377366409387 
1436552719739526514 
0.37841434799 
1436552719760604608 
0.379408491682 
1436552719781833383 
0.380627485971 
1436552719803010470 
0.381651503122 
1436552719824071859 
0.382654555249 
1436552719845125829 
0.383675724963 
1436552719863209239 
0.38469545183 
1436552719884343027 
0.38469545183 
1436552719905351669 
0.38673052612 
1436552719925468732 
0.387745848126 
1436552719946513257 
0.388931237989 
1436552719967545430 
0.389975581942 
1436552719988620880 
0.390966499274 
1436552720009766097 
0.391975430245 
1436552720030893866 
0.392963266863 
1436552720051960436 
0.393981617127 
1436552720072962023 
0.394985815194 
1436552720091069128 
0.396189847252 
1436552720112141118 
0.396189847252 
1436552720135347604 
0.398233655486 
1436552720156476918 
0.399411656492 
1436552720175324898 
0.400419105961 
1436552720196286411 
0.400419105961 
1436552720217340150 
0.402440890917 
1436552720237327987 
0.403442988679 
1436552720256292073 
0.403442988679 
1436552720282595035 
0.405473098602 
1436552720300592188 
0.406469666178 
1436552720321627137 
0.406469666178 
1436552720342794640 
0.408697233121 
1436552720363806351 
0.409699276061 
1436552720384936353 
0.410731056493 
1436552720403097117 
0.411729041306 
1436552720424251198 
0.411729041306 
1436552720445319952 
0.413731061782 
1436552720465658837 
0.414936396025 
1436552720486646053 
0.415968511189 
1436552720510896568 
0.416955613307 
1436552720532074263 
0.418145386694 
1436552720549963130 
0.419170402902 
1436552720571221107 
0.419170402902 
1436552720594630042 
0.421201332567 
1436552720615873469 
0.422199880358 
1436552720633876622 
0.423203432411 
1436552720658319251 
0.423203432411 
1436552720675479350 
0.425427483613 
1436552720696851009 
0.425427483613 
1436552720717931591 
0.427431997593 
1436552720736173785 
0.428464914311 
1436552720756327579 
0.428464914311 
1436552720777529423 
0.430464355593 
1436552720801826888 
0.431469947982 
1436552720823154018 
0.432472920653 
1436552720843485798 
0.433687591662 
1436552720864683897 
0.434706479795 
1436552720885993223 
0.435700824752 
1436552720907216078 
0.436914243813 
1436552720925343490 
0.437914743211 
1436552720945470308 
0.437914743211 
1436552720969857761 
0.439942298123 
1436552720987836405 
0.440931187619 
1436552721009036473 
0.440931187619 
1436552721030189881 
0.442940773118 
1436552721051285342 
0.444168951303 
1436552721071454088 
0.445185607295 
1436552721092634940 
0.446179541181 
1436552721113687780 
0.447217812237 
1436552721134698586 
0.448205258403 
1436552721155780288 
0.449217267779 
1436552721176727738 
0.450217713282 
1436552721197792288 
0.451222948082 
1436552721218771028 
0.45243894317 
1436552721239953864 
0.453463876452 
1436552721257778116 
0.454457858775 
1436552721278764918 
0.454457858775 
1436552721299789450 
0.456482016054 
1436552721320879007 
0.457504355688 
1436552721338798443 
0.458491169059 
1436552721359781722 
0.458491169059 
1436552721383942311 
0.46050445398 
1436552721401751160 
0.461713534226 
1436552721422845466 
0.461713534226 
1436552721443919190 
0.463727794422 
1436552721464965006 
0.464754918477 
1436552721485885215 
0.465744371834 
1436552721503921559 
0.466762928946 
1436552721528231464 
0.466762928946 
1436552721546293258 
0.468987096638 
1436552721566498331 
0.468987096638 
1436552721587781707 
0.470990048586 
1436552721608785114 
0.472003424451 
1436552721629951647 
0.472974747829 
1436552721650977975 
0.473614913373 
1436552721671997569 
0.473316025043 
1436552721693063443 
0.472407686121 
1436552721714026213 
0.471197495504 
1436552721735104324 
0.4701810302 
1436552721756168039 
0.46915989277 
1436552721777299550 
0.467938163921 
1436552721797339639 
0.466952147845 
1436552721818492350 
0.465916255362 
1436552721839658294 
0.4649140817 
1436552721860813330 
0.463888017664 
1436552721878671155 
0.462903490152 
1436552721903064735 
0.462903490152 
1436552721921130251 
0.460876138615 
1436552721942367307 
0.460876138615 
1436552721965591222 
0.458649469524 
1436552721983725592 
0.45765119108 
1436552722005127457 
0.45765119108 
1436552722026259280 
0.455636022245 
1436552722046536453 
0.454619162619 
1436552722067614455 
0.453618123483 
1436552722088839739 
0.452394961667 
1436552722110059625 
0.451393904289 
1436552722131150035 
0.450389383597 
1436552722149133677 
0.449381414676 
1436552722172497288 
0.449381414676 
1436552722193492796 
0.447363596142 
1436552722214683783 
0.446167324652 
1436552722235857065 
0.445145220593 
1436552722253918392 
0.444128467456 
1436552722278190016 
0.444128467456 
1436552722296140318 
0.442126177107 
1436552722317181486 
0.442126177107 
1436552722338206237 
0.439908752912 
1436552722359285859 
0.438897317167 
1436552722379437868 
0.437902531672 
1436552722400545508 
0.436892641981 
1436552722421541974 
0.435872559823 
1436552722442653087 
0.434869169344 
1436552722463811542 
0.433646160734 
1436552722484939245 
0.432665877548 
1436552722505895938 
0.431663411345 
1436552722523819034 
0.430628855409 
1436552722547973996 
0.430628855409 
1436552722566001131 
0.428610702744 
1436552722587073294 
0.428610702744 
1436552722608034903 
0.426423398015 
1436552722629091831 
0.425385367862 
1436552722652485870 
0.424394327318 
1436552722673495756 
0.423393598717 
1436552722691451743 
0.422194989056 
1436552722715622348 
0.422194989056 
1436552722733677003 
0.420168693071 
1436552722754923824 
0.420168693071 
1436552722776136473 
0.418152718338 
1436552722797320399 
0.417137637604 
1436552722817320328 
0.416138681851 
1436552722838373641 
0.416138681851 
1436552722859436528 
0.413902044362 
1436552722880550402 
0.412896308868 
1436552722898673457 
0.411881184113 
1436552722919768582 
0.411881184113 
1436552722944051644 
0.409852119339 
1436552722961957461 
0.408850428219 
1436552722983096846 
0.408850428219 
1436552723004306753 
0.406623607066 
1436552723027619036 
0.405646914762 
1436552723048795229 
0.404431064512 
1436552723066837246 
0.403430775734 
1436552723087939408 
0.403430775734 
1436552723108996339 
0.401380955691 
1436552723130135885 
0.400375214504 
1436552723151254487 
0.399399435203 
1436552723171652294 
0.398390229223 
1436552723192882874 
0.397190624933 
1436552723213984901 
0.39615808492 
1436552723232054230 
0.39517536451 
1436552723253323500 
0.39517536451 
1436552723273500833 
0.393153529349 
1436552723294702010 
0.392146485104 
1436552723312780536 
0.391105672512 
1436552723333894438 
0.391105672512 
1436552723355028293 
0.389115548246 
1436552723372978729 
0.388102331587 
1436552723393314517 
0.388102331587 
1436552723414551961 
0.386103919669 
1436552723438814478 
0.38508630052 
1436552723460136315 
0.384047673238 
1436552723481324662 
0.382867141168 
1436552723502349333 
0.38185718969 
1436552723522595073 
0.380846826639 
1436552723543702799 
0.379628391662 
1436552723561739106 
0.378615134521 
1436552723583000932 
0.378615134521 
1436552723604218191 
0.376616566467 
1436552723625247736 
0.375599513588 
1436552723646286708 
0.374684023415 
1436552723669501650 
0.374449990592 
1436552723693844616 
0.3753583223 
1436552723714957915 
0.376362321791 
1436552723736040479 
0.377605638346 
1436552723754046026 
0.378588619536 
1436552723778349259 
0.378588619536 
1436552723801724021 
0.380853549604 
1436552723826047422 
0.382062851006 
1436552723847201073 
0.383084870886 
1436552723868320771 
0.384297821193 
1436552723888490414 
0.385297140081 
1436552723909617156 
0.386314543216 
1436552723933803322 
0.387521969362 
1436552723958181942 
0.388516582664 
1436552723976133931 
0.389752450753 
1436552723996346670 
0.389752450753 
1436552724020709639 
0.39175297741 
1436552724044947845 
0.392963266863 
1436552724069151469 
0.394171227265 
1436552724089484082 
0.395207131785 
1436552724110736281 
0.396410730566 
1436552724128775996 
0.397423354826 
1436552724152954048 
0.397423354826 
1436552724177109754 
0.399643567165 
1436552724200471336 
0.40083822624 
1436552724221683013 
0.401843205687 
1436552724239694461 
0.403045250864 
1436552724260814536 
0.403045250864 
1436552724284918493 
0.405057644785 
1436552724309055741 
0.406252602263 
1436552724333264372 
0.407278954203 
1436552724354288155 
0.408481064336 
1436552724377492823 
0.409699276061 
1436552724396362575 
0.410731056493 
1436552724419506229 
0.410731056493 
1436552724444033223 
0.412951583311 
1436552724465077944 
0.413945028695 
1436552724486079471 
0.415142506679 
1436552724503981584 
0.416150898741 
1436552724528206243 
0.416150898741 
1436552724551486722 
0.418357416778 
1436552724572724185 
0.419573908966 
1436552724590664872 
0.420595711987 
1436552724611783484 
0.420595711987 
1436552724632995061 
0.422600607103 
1436552724654133368 
0.423595885427 
1436552724677512989 
0.424638325627 
1436552724698631925 
0.425616594678 
1436552724719732540 
0.426854788758 
1436552724737627934 
0.427839938992 
1436552724758764578 
0.427839938992 
1436552724779857926 
0.429849891082 
1436552724801181632 
0.430857082658 
1436552724821528258 
0.432069618114 
1436552724842814323 
0.433070979332 
1436552724864073108 
0.434098879212 
1436552724885173315 
0.435094860093 
1436552724903207151 
0.43610984194 
1436552724926709400 
0.43610984194 
1436552724944719269 
0.438126343936 
1436552724965927533 
0.438126343936 
1436552724987207429 
0.440346371249 
1436552725010484560 
0.44133407397 
1436552725028531957 
0.442359496725 
1436552725052892707 
0.442359496725 
1436552725070826036 
0.444360470819 
1436552725095113552 
0.444360470819 
1436552725113083332 
0.446604027059 
1436552725134406514 
0.446604027059 
1436552725157704261 
0.44859914524 
1436552725175812614 
0.449813697249 
1436552725196953083 
0.449813697249 
1436552725217846912 
0.451835562342 
1436552725238927561 
0.452835190361 
1436552725259994975 
0.453831332905 
1436552725277794172 
0.454851179021 
1436552725298736210 
0.454851179021 
1436552725319766893 
0.456891892529 
1436552725340727162 
0.457893182354 
1436552725361688104 
0.458890695073 
1436552725382746028 
0.460107401474 
1436552725403747026 
0.461096449972 
1436552725421668479 
0.462108095832 
1436552725445877031 
0.462108095832 
1436552725466939402 
0.464145378015 
1436552725487888761 
0.465329544342 
1436552725509066579 
0.46634986782 
1436552725529991083 
0.467358489075 
1436552725550888851 
0.468577976213 
1436552725571921041 
0.469576865112 
1436552725592936813 
0.470584561539 
1436552725614078026 
0.471599789558 
1436552725635376782 
0.472610320687 
1436552725653364071 
0.473449269334 
1436552725676692993 
0.473449269334 
1436552725701189203 
0.472586391607 
1436552725722280062 
0.471601625244 
1436552725743235543 
0.470387043248 
1436552725764279942 
0.469366887586 
1436552725785355463 
0.468361622158 
1436552725808684123 
0.467135467856 
1436552725833069519 
0.466126354123 
1436552725856400885 
0.4649140817 
1436552725877496988 
0.463702055497 
1436552725896343092 
0.462690400166 
1436552725919590364 
0.462690400166 
1436552725943773722 
0.460479730671 
1436552725964892830 
0.459461800432 
1436552725986017891 
0.458242307786 
1436552726003971759 
0.457242522462 
1436552726028118361 
0.457242522462 
1436552726052247234 
0.455031728181 
1436552726076275583 
0.453819116094 
1436552726097176252 
0.452822973643 
1436552726118312574 
0.451608699197 
1436552726138397387 
0.450577256118 
1436552726159359475 
0.449597629142 
1436552726183628141 
0.448370012655 
1436552726207900818 
0.447158074089 
1436552726232103756 
0.446167324652 
1436552726250059338 
0.444954143984 
1436552726271035510 
0.444954143984 
1436552726295200814 
0.442928556035 
1436552726319313284 
0.441724259008 
1436552726340351011 
0.440696943285 
1436552726363620522 
0.439504162934 
1436552726384811298 
0.438308997303 
1436552726402760385 
0.437300276189 
1436552726426932145 
0.437300276189 
1436552726451099348 
0.435082638494 
1436552726472192732 
0.434077031291 
1436552726493395673 
0.432851400209 
1436552726513488043 
0.431849442537 
1436552726534617978 
0.430844860733 
1436552726558901666 
0.429621076137 
1436552726580124806 
0.42842304487 
1436552726601314367 
0.427439330308 
1436552726621667874 
0.426423398015 
1436552726645971351 
0.425385367862 
1436552726670112040 
0.424204633935 
1436552726694312998 
0.423000954506 
1436552726714527226 
0.421984718058 
1436552726735631654 
0.420774868791 
1436552726756589843 
0.419785295698 
1436552726777537124 
0.418761650459 
1436552726801776257 
0.417523417887 
1436552726826086223 
0.416332051122 
1436552726847007380 
0.415312981083 
1436552726868188786 
0.414096386185 
1436552726889375084 
0.413103300253 
1436552726909488696 
0.412095925971 
1436552726933645680 
0.410883554772 
1436552726951633538 
0.409852119339 
1436552726972865757 
0.409852119339 
1436552726994053548 
0.407858364081 
1436552727012010895 
0.406852729966 
1436552727033115342 
0.406852729966 
1436552727054146906 
0.4048155956 
1436552727075245615 
0.403835568379 
1436552727095441141 
0.402615697493 
1436552727116536540 
0.401612123138 
1436552727137640264 
0.400606762469 
1436552727158830049 
0.399587409364 
1436552727176746027 
0.398558968189 
1436552727201060975 
0.398558968189 
1436552727222033307 
0.396567856652 
1436552727243048680 
0.395364619958 
1436552727264055489 
0.394361058909 
1436552727281902721 
0.393323830499 
1436552727302974636 
0.393323830499 
1436552727323998247 
0.391340538421 
1436552727345102390 
0.390330695654 
1436552727366271819 
0.389115548246 
1436552727387312666 
0.388102331587 
1436552727408288005 
0.387087616413 
1436552727429267661 
0.386103919669 
1436552727450306743 
0.38508630052 
1436552727471366187 
0.383855265709 
1436552727491490727 
0.382867141168 
1436552727512585175 
0.38185718969 
1436552727533662039 
0.380846826639 
1436552727551657215 
0.379821879436 
1436552727572769184 
0.379821879436 
1436552727593795367 
0.377806797227 
1436552727614773593 
0.376810788493 
1436552727635792935 
0.375599513588 
1436552727660173375 
0.374684023415 
1436552727680438519 
0.374540591905 
1436552727701431164 
0.3753583223 
1436552727720290104 
0.376362321791 
1436552727743502475 
0.376362321791 
1436552727764460950 
0.37841434799 
1436552727782465549 
0.379408491682 
1436552727806744027 
0.379408491682 
1436552727824747450 
0.381651503122 
1436552727845772538 
0.381651503122 
1436552727866772890 
0.383675724963 
1436552727884637190 
0.38469545183 
1436552727905776601 
0.38469545183 
1436552727926862742 
0.38673052612 
1436552727951259863 
0.387745848126 
1436552727969178205 
0.388740128768 
1436552727992463012 
0.388740128768 
1436552728013486086 
0.390966499274 
1436552728034650553 
0.391975430245 
1436552728055656343 
0.393185295584 
1436552728073695015 
0.394171227265 
1436552728094778520 
0.394171227265 
1436552728119093541 
0.396189847252 
1436552728136913613 
0.39720284325 
1436552728158138053 
0.39720284325 
1436552728179149832 
0.399243176029 
1436552728200180711 
0.400438653648 
1436552728221218721 
0.401436996162 
1436552728242177085 
0.402440890917 
1436552728260152435 
0.403442988679 
1436552728280344110 
0.403442988679 
1436552728301339725 
0.405473098602 
1436552728325479338 
0.406469666178 
1436552728346490278 
0.40750781763 
1436552728367474431 
0.408697233121 
1436552728388483249 
0.409699276061 
1436552728409643244 
0.410731056493 
1436552728430759995 
0.411943859868 
1436552728448811709 
0.412951583311 
1436552728469767541 
0.412951583311 
1436552728494041453 
0.414936396025 
1436552728511920486 
0.415968511189 
1436552728533023532 
0.415968511189 
1436552728554159959 
0.417983289601 
1436552728575207244 
0.419170402902 
1436552728595343859 
0.420180915205 
1436552728616681535 
0.421201332567 
1436552728640917061 
0.422199880358 
1436552728665262778 
0.423405810338 
1436552728688872033 
0.424638325627 
1436552728713201617 
0.425817825028 
1436552728731051141 
0.426854788758 
1436552728752199478 
0.426854788758 
1436552728773343795 
0.429039762712 
1436552728796659759 
0.430049049779 
1436552728820957898 
0.431271504524 
1436552728845328648 
0.432472920653 
1436552728868769238 
0.433502495835 
1436552728886840233 
0.434706479795 
1436552728908031881 
0.434706479795 
1436552728929257598 
0.436721449326 
1436552728955740353 
0.437914743211 
1436552728976846263 
0.438938285055 
1436552728997818864 
0.440123967498 
1436552729015825607 
0.44115307224 
1436552729040066329 
0.44115307224 
1436552729064105223 
0.443369574442 
1436552729088285788 
0.444567904979 
1436552729109300610 
0.445563764827 
1436552729129308926 
0.446794145545 
1436552729151288452 
0.447798655697 
1436552729172401299 
0.448803705666 
1436552729198953957 
0.450029618842 
1436552729220086079 
0.451222948082 
1436552729241303210 
0.45243894317 
1436552729264489186 
0.453463876452 
1436552729282338983 
0.454457858775 
1436552729303451133 
0.454457858775 
1436552729324495378 
0.456482016054 
1436552729342461320 
0.457504355688 
1436552729366642684 
0.457504355688 
1436552729390864192 
0.459695262919 
1436552729415099292 
0.460908232584 
1436552729439213450 
0.462108095832 
1436552729463290824 
0.463321709422 
1436552729483444702 
0.464350593447 
1436552729504451912 
0.465559837019 
1436552729525609541 
0.466579216723 
1436552729546797818 
0.467574679302 
1436552729567766899 
0.468779575022 
1436552729591950778 
0.469790948019 
1436552729610034464 
0.470784466389 
1436552729631089519 
0.470784466389 
1436552729652221334 
0.472974747829 
1436552729673306743 
0.473614913373 
1436552729691227255 
0.473316025043 
1436552729717478815 
0.473316025043 
1436552729735318913 
0.471402523106 
1436552729756593720 
0.471402523106 
1436552729777616696 
0.46915989277 
1436552729801715399 
0.468134101579 
1436552729819644897 
0.466952147845 
1436552729840983890 
0.466952147845 
1436552729862194843 
0.4649140817 
1436552729883318294 
0.463888017664 
1436552729903567975 
0.462903490152 
1436552729924570094 
0.4618762316 
1436552729945592000 
0.460876138615 
1436552729966617671 
0.459670638426 
1436552729987589049 
0.458649469524 
1436552730005639107 
0.45765119108 
1436552730026732382 
0.45765119108 
1436552730047759097 
0.455636022245 
1436552730068814573 
0.454619162619 
1436552730089993616 
0.453618123483 
1436552730111171878 
0.452609041897 
1436552730132312010 
0.451393904289 
1436552730152439455 
0.450389383597 
1436552730176631529 
0.449381414676 
1436552730194623979 
0.448165167036 
1436552730215599267 
0.448165167036 
1436552730236638223 
0.446167324652 
1436552730257684346 
0.445145220593 
1436552730278771940 
0.444128467456 
1436552730299806964 
0.443120774807 
1436552730320877079 
0.442126177107 
1436552730341926534 
0.441100089518 
1436552730359939787 
0.439908752912 
1436552730380945000 
0.439908752912 
1436552730401990050 
0.437902531672 
1436552730423224907 
0.436892641981 
1436552730441070274 
0.435872559823 
1436552730465376622 
0.435872559823 
1436552730485318244 
0.433872587613 
1436552730509474662 
0.433872587613 
1436552730527492691 
0.431663411345 
1436552730551771773 
0.431663411345 
1436552730569786249 
0.429433918807 
1436552730590879676 
0.429433918807 
1436552730612060317 
0.427439330308 
1436552730633163561 
0.426423398015 
1436552730653497533 
0.425385367862 
1436552730674617073 
0.424394327318 
1436552730695818417 
0.423393598717 
1436552730720109115 
0.422194989056 
1436552730741165259 
0.421189114665 
1436552730762257041 
0.419977041199 
1436552730780162206 
0.418953853884 
1436552730806599925 
0.418953853884 
1436552730824631986 
0.416719731093 
1436552730845814642 
0.416719731093 
1436552730866931479 
0.414730191156 
1436552730888213259 
0.413707611663 
1436552730909321138 
0.412681904095 
1436552730926646506 
0.411685899992 
1436552730950965792 
0.411685899992 
1436552730975239996 
0.40947130994 
1436552730993125082 
0.408468853408 
1436552731014281091 
0.408468853408 
1436552731034369859 
0.406240389008 
1436552731058632226 
0.405262974258 
1436552731082998238 
0.404034029743 
1436552731107275207 
0.403001526077 
1436552731128300007 
0.401811442433 
1436552731151456320 
0.400606762469 
1436552731170345248 
0.399587409364 
1436552731193456315 
0.399587409364 
1436552731217674848 
0.39735972974 
1436552731235623661 
0.39615808492 
1436552731256701711 
0.39615808492 
1436552731277751351 
0.394139464815 
1436552731295621579 
0.393153529349 
1436552731316597782 
0.393153529349 
1436552731337779812 
0.391105672512 
1436552731355694977 
0.390115036499 
1436552731376798781 
0.390115036499 
1436552731397926618 
0.388102331587 
1436552731422215925 
0.387087616413 
1436552731445344003 
0.385879538893 
1436552731469509888 
0.384669395535 
1436552731493725039 
0.383682356237 
1436552731511680732 
0.382448976535 
1436552731532938767 
0.382448976535 
1436552731557091803 
0.380415305346 
1436552731578329741 
0.379241273053 
1436552731596213082 
0.378227522825 
1436552731617322900 
0.378227522825 
1436552731637471114 
0.376215760581 
1436552731658652288 
0.375210451896 
1436552731676586678 
0.374475744694 
1436552731700730415 
0.374475744694 
1436552731718680512 
0.375552866854 
1436552731739948213 
0.375552866854 
1436552731760936896 
0.377799654761 
1436552731781991928 
0.378794581379 
1436552731803092013 
0.379821088183 
1436552731823354799 
0.380853549604 
1436552731844519299 
0.381824960481 
1436552731865745694 
0.382847296728 
1436552731886781231 
0.38410545521 
1436552731907777064 
0.385124591238 
1436552731928871639 
0.386110510778 
1436552731950041194 
0.38731826348 
1436552731971166924 
0.388332702061 
1436552731992168722 
0.38932609203 
1436552732013164775 
0.390337516101 
1436552732034380581 
0.391379633796 
1436552732051357067 
0.392368390009 
1436552732075619670 
0.392368390009 
1436552732096863223 
0.394392828449 
1436552732118100867 
0.395598007562 
1436552732139322479 
0.396813025602 
1436552732159354408 
0.397824972688 
1436552732183651971 
0.398803401817 
1436552732204745991 
0.399831470009 
1436552732225857956 
0.401037849259 
1436552732246953051 
0.402042445894 
1436552732268148796 
0.403045250864 
1436552732286309076 
0.404046251702 
1436552732306503808 
0.404046251702 
1436552732327630998 
0.40608631697 
1436552732348801052 
0.407062216611 
1436552732369995824 
0.408315525634 
1436552732391106734 
0.409287236283 
1436552732412114781 
0.410288097292 
1436552732433292498 
0.411306473148 
1436552732453377682 
0.412315469557 
1436552732474725201 
0.413329746393 
1436552732496045156 
0.414528782553 
1436552732517053320 
0.415549581501 
1436552732538060878 
0.416549768473 
1436552732559220861 
0.417566138793 
1436552732580254457 
0.418754319609 
1436552732598215033 
0.419777961439 
1436552732619369436 
0.419777961439 
1436552732642629294 
0.42178657016 
1436552732660598079 
0.422803266868 
1436552732681640022 
0.422803266868 
1436552732702853952 
0.424827816823 
1436552732724009152 
0.425817825028 
1436552732745228219 
0.42704321693 
1436552732766257263 
0.428057579881 
1436552732784129830 
0.429039762712 
1436552732805270410 
0.429039762712 
1436552732825540097 
0.431055736496 
1436552732849867266 
0.432089165802 
1436552732867917152 
0.433070979332 
1436552732889287072 
0.433070979332 
1436552732912888048 
0.435320414699 
1436552732934200458 
0.436293574425 
1436552732955302739 
0.437536683538 
1436552732973312222 
0.438532553111 
1436552732993694931 
0.438532553111 
1436552733017947090 
0.440527818487 
1436552733035844031 
0.441555698257 
1436552733057073312 
0.441555698257 
1436552733078022264 
0.443561546702 
